NSITES 692
#STNID	LAT	LON	ELEV	ASP	DIST_COAST	INVERSION	TOPO_POS	STN_NAME
USC00040029,  41.19360,  -120.94470, 1278.60, 4,  266.373, 2,  477.297, USC00040029
USC00040161,  41.49000,  -120.54360, 1334.40, 4,  301.745, 1,  167.540, USC00040161
USC00040212,  38.57310,  -122.44060,  522.70, 3,   62.742, 2,  513.791, USC00040212
USC00040232,  37.98330,  -121.75250,   18.30, 1,   51.777, 1,   62.639, USC00040232
USC00040332,  35.21110,  -118.83360,  137.20, 4,  170.907, 1,   61.840, USC00040332
USC00040343,  36.49140,  -118.82530,  520.60, 4,  223.794, 2,  575.261, USC00040343
USC00040379,  37.09190,  -119.51280,  637.00, 4,  208.299, 2,  472.540, USC00040379
USC00040383,  38.90720,  -121.08390,  393.80, 4,  149.973, 2,  369.159, USC00040383
USC00040385,  38.88330,  -121.06670,  387.10, 4,  149.973, 2,  369.159, USC00040385
USC00040444,  35.41860,  -119.05080,  143.30, 4,  157.018, 1,   69.630, USC00040444
USC00040449,  36.90920,  -119.08830,  528.80, 3,  236.805, 2,  940.054, USC00040449
USC00040673,  37.08560,  -122.07970,  128.00, 3,   17.773, 2,  280.122, USC00040673
USC00040693,  37.87440,  -122.26060,   94.50, 4,   20.835, 1,   29.671, USC00040693
USC00040738,  40.74060,  -123.20780,  381.90, 3,   86.643, 2,  702.152, USC00040738
USC00040755,  37.20640,  -119.24190, 1486.80, 4,  237.964, 2, 1960.948, USC00040755
USC00040790,  36.24720,  -121.78030,   61.00, 4,    6.945, 1,  228.402, USC00040790
USC00040931,  39.38860,  -120.09360, 1699.30, 1,  252.059, 2, 1047.120, USC00040931
USC00040943,  38.21190,  -119.01420, 2551.20, 1,  286.238, 2, 1764.594, USC00040943
USC00041018,  39.45390,  -120.65560, 1641.30, 4,  220.251, 2, 1554.726, USC00041018
USC00041072,  38.25750,  -119.22860, 1972.10, 2,  271.810, 2, 1181.603, USC00041072
USC00041112,  38.76670,  -122.15000,   89.60, 2,   86.136, 1,  183.683, USC00041112
USC00041214,  40.88030,  -121.65470,  974.80, 1,  212.310, 2,  670.231, USC00041214
USC00041244,  35.40280,  -119.47000,   68.60, 1,  118.627, 1,   31.714, USC00041244
USC00041277,  38.27690,  -120.31140, 1431.00, 4,  183.381, 2, 1300.306, USC00041277
USC00041312,  38.59610,  -122.60140,  121.90, 3,   53.169, 1,  201.658, USC00041312
USC00041316,  41.31110,  -122.80450,  970.80, 1,  114.817, 2, 1212.188, USC00041316
USC00041428,  38.24860,  -120.84330,  200.60, 4,  135.747, 1,  194.943, USC00041428
USC00041476,  41.42190,  -120.90170, 1313.70, 1,  270.812, 2,  397.438, USC00041476
USC00041497,  40.17060,  -121.08860, 1389.90, 3,  240.892, 2, 1195.580, USC00041497
USC00041534,  36.48060,  -121.72440,  146.30, 1,   23.403, 2,  287.167, USC00041534
USC00041606,  41.14170,  -123.13920,  704.10, 4,   83.912, 2,  822.107, USC00041606
USC00041614,  41.53060,  -120.18030, 1428.90, 2,  332.617, 1,  166.608, USC00041614
USC00041697,  37.97470,  -119.91610, 1452.40, 3,  205.951, 2, 1296.195, USC00041697
USC00041700,  40.30330,  -121.24220, 1380.70, 3,  234.078, 2, 1083.621, USC00041700
USC00041715,  39.69110,  -121.82110,   56.40, 3,  171.160, 1,   43.181, USC00041715
USC00041806,  38.92390,  -122.56720,  411.20, 2,   73.955, 2,  443.078, USC00041806
USC00041838,  38.80000,  -123.01750,  100.60, 3,   40.394, 1,  208.488, USC00041838
USC00041864,  36.13560,  -120.36060,  204.20, 2,  100.567, 1,  176.408, USC00041864
USC00041912,  39.09110,  -120.94810,  725.40, 4,  171.866, 2,  631.488, USC00041912
USC00041948,  39.18750,  -122.02690,   15.20, 5,  128.225, 1,   10.016, USC00041948
USC00041967,  37.98330,  -122.06920,   12.20, 1,   28.231, 1,   72.988, USC00041967
USC00042012,  36.09750,  -119.58170,   61.00, 5,  144.796, 1,   11.821, USC00042012
USC00042081,  39.81580,  -123.24440,  430.70, 3,   57.317, 2,  547.312, USC00042081
USC00042147,  41.79580,  -124.21470,   13.10, 4,    8.662, 1,   11.399, USC00042147
USC00042294,  38.53500,  -121.77610,   18.30, 5,   77.839, 1,   20.150, USC00042294
USC00042331,  37.37390,  -117.98030, 1592.60, 2,  344.049, 2, 1207.254, USC00042331
USC00042338,  39.30000,  -120.83330, 1357.90, 4,  194.098, 2, 1120.279, USC00042338
USC00042402,  39.87170,  -121.61080,  826.00, 3,  193.346, 2,  733.710, USC00042402
USC00042456,  39.35750,  -121.20110,  499.90, 4,  178.545, 2,  476.474, USC00042456
USC00042467,  39.32390,  -120.23310, 1809.60, 2,  239.300, 2, 1334.297, USC00042467
USC00042500,  39.56330,  -120.82390,  888.50, 3,  220.102, 2, 1168.472, USC00042500
USC00042506,  39.97170,  -120.08280, 1338.10, 1,  293.630, 2,  583.510, USC00042506
USC00042574,  41.18330,  -122.27360,  661.40, 3,  156.946, 2,  653.755, USC00042574
USC00042640,  39.35920,  -122.51780,  367.30, 2,  111.138, 2,  388.327, USC00042640
USC00042671,  38.78330,  -120.03330, 2240.30, 1,  222.958, 2, 1913.615, USC00042671
USC00042728,  38.33060,  -120.67060,  217.90, 4,  156.698, 2,  502.057, USC00042728
USC00042934,  38.27360,  -122.06780,   12.20, 3,   38.953, 1,   56.439, USC00042934
USC00043004,  37.05060,  -122.07500,  121.90, 3,   13.088, 2,  306.107, USC00043004
USC00043083,  36.36420,  -120.15610,   86.90, 2,  126.790, 1,   49.070, USC00043083
USC00043113,  38.70000,  -121.16670,  106.70, 4,  133.016, 1,  122.365, USC00043113
USC00043157,  41.87140,  -120.15750, 1444.40, 2,  332.899, 1,  175.317, USC00043157
USC00043161,  39.50920,  -123.75670,   37.50, 4,    5.357, 1,   28.965, USC00043161
USC00043182,  41.60000,  -122.84780,  830.60, 2,  109.072, 2,  593.510, USC00043182
USC00043191,  38.51500,  -123.24470,   34.10, 3,    8.819, 2,  314.147, USC00043191
USC00043244,  37.54220,  -122.01580,   11.60, 4,   21.575, 1,    9.166, USC00043244
USC00043256,  36.76720,  -119.70920,  103.00, 5,  187.603, 1,   57.401, USC00043256
USC00043261,  36.99690,  -119.70720,  125.00, 3,  190.033, 1,   82.129, USC00043261
USC00043384,  38.93310,  -120.80080,  914.70, 4,  171.579, 2,  835.721, USC00043384
USC00043417,  37.00310,  -121.56080,   59.10, 3,   36.074, 1,   96.479, USC00043417
USC00043463,  35.72690,  -118.70060,  957.10, 4,  193.992, 2,  887.265, USC00043463
USC00043551,  36.73940,  -118.96310, 2011.70, 4,  231.390, 2, 1681.159, USC00043551
USC00043573,  39.20420,  -121.06810,  731.50, 4,  174.336, 2,  686.939, USC00043573
USC00043578,  38.43060,  -122.86470,   61.00, 5,   26.483, 1,   52.319, USC00043578
USC00043647,  40.48640,  -123.90890,  125.90, 4,   44.454, 2,  307.950, USC00043647
USC00043669,  37.84440,  -120.22580,  853.40, 4,  176.950, 2,  826.544, USC00043669
USC00043710,  36.13890,  -117.95280, 1165.90, 2,  275.006, 2, 1043.138, USC00043710
USC00043714,  37.47250,  -122.44330,    8.20, 4,    8.868, 1,   31.657, USC00043714
USC00043747,  36.31580,  -119.63690,   72.20, 5,  157.535, 1,   27.540, USC00043747
USC00043761,  41.80420,  -123.37580,  341.40, 3,   65.632, 2,  440.200, USC00043761
USC00043791,  40.36360,  -122.96500,  838.20, 2,  101.309, 2,  868.107, USC00043791
USC00043824,  40.93170,  -121.54330,  919.00, 1,  222.648, 2,  625.066, USC00043824
USC00043859,  40.55250,  -123.21220,  701.00, 1,   93.776, 2,  743.896, USC00043859
USC00043875,  38.61750,  -122.87310,   32.90, 3,   34.244, 1,   60.349, USC00043875
USC00043882,  35.68420,  -121.16830,  465.10, 3,    8.950, 1,  194.973, USC00043882
USC00043939,  37.96140,  -119.78310, 1179.60, 4,  216.774, 2, 1455.921, USC00043939
USC00044025,  36.84830,  -121.42140,   83.80, 4,   39.536, 1,   93.961, USC00044025
USC00044176,  37.22750,  -119.22060, 2139.70, 4,  237.964, 2, 1960.948, USC00044176
USC00044232,  36.79810,  -118.20360, 1204.00, 2,  289.451, 2, 1169.444, USC00044232
USC00044278,  35.65140,  -117.82140,  740.70, 2,  267.872, 2,  506.392, USC00044278
USC00044374,  41.26830,  -120.29470, 1645.90, 4,  323.472, 2,  713.803, USC00044374
USC00044500,  37.95670,  -122.54470,   44.20, 2,   12.963, 1,   59.877, USC00044500
USC00044520,  35.46670,  -118.78330,  295.70, 4,  180.620, 2,  574.542, USC00044520
USC00044523,  35.78310,  -118.43890,  823.90, 3,  217.551, 2, 1091.231, USC00044523
USC00044534,  36.00670,  -119.96000,   73.20, 2,  113.852, 1,   40.181, USC00044534
USC00044555,  36.20690,  -121.13780,   97.50, 2,   48.114, 1,  105.352, USC00044555
USC00044577,  41.57860,  -124.07470,    8.50, 4,    5.194, 1,  139.228, USC00044577
USC00044701,  39.03330,  -122.91670,  400.80, 3,   64.081, 2,  406.126, USC00044701
USC00044712,  38.49190,  -122.00390,   57.00, 2,   58.603, 1,  125.658, USC00044712
USC00044713,  39.31830,  -120.63920, 1571.50, 4,  210.492, 2, 1389.333, USC00044713
USC00044838,  41.70190,  -121.50110, 1453.90, 1,  218.369, 2,  718.912, USC00044838
USC00044881,  37.95670,  -119.11940, 2071.70, 2,  274.788, 2, 1294.830, USC00044881
USC00044890,  36.38170,  -119.02640,  156.40, 4,  206.006, 1,  136.150, USC00044890
USC00044957,  36.20330,  -119.05450,  132.60, 4,  194.989, 1,  152.086, USC00044957
USC00044997,  37.69220,  -121.76920,  146.30, 1,   39.094, 1,  177.426, USC00044997
USC00045026,  36.60440,  -118.73250, 2052.80, 4,  240.812, 2, 2229.839, USC00045026
USC00045032,  38.10610,  -121.28780,   12.20, 5,   95.526, 1,   15.170, USC00045032
USC00045118,  37.05640,  -120.86670,   36.60, 1,   93.095, 1,   29.880, USC00045118
USC00045120,  36.98970,  -120.92970,  124.10, 1,   85.899, 1,  110.599, USC00045120
USC00045123,  37.23190,  -121.95920,  111.30, 1,   34.725, 1,  240.178, USC00045123
USC00045233,  36.95390,  -120.03780,   82.30, 5,  162.452, 1,   53.215, USC00045233
USC00045280,  37.64780,  -118.96170, 2378.70, 1,  272.336, 2, 1937.830, USC00045280
USC00045311,  40.54110,  -121.57670, 1752.60, 4,  213.337, 2, 1603.127, USC00045311
USC00045338,  35.08330,  -119.38330,  205.70, 1,  119.331, 1,  190.484, USC00045338
USC00045356,  38.69190,  -119.78030, 1685.50, 1,  241.087, 2, 1145.413, USC00045356
USC00045360,  38.49170,  -122.12420,  146.30, 2,   55.741, 2,  469.372, USC00045360
USC00045378,  38.01310,  -122.11420,   12.20, 1,   27.352, 1,   15.961, USC00045378
USC00045385,  39.14580,  -121.58530,   17.40, 5,  143.550, 1,   16.932, USC00045385
USC00045449,  41.25140,  -122.13830,  999.70, 3,  167.005, 2,  931.714, USC00045449
USC00045532,  37.28580,  -120.51170,   46.60, 5,  128.798, 1,   32.279, USC00045532
USC00045679,  40.34580,  -121.60920, 1485.90, 4,  206.192, 2, 1489.372, USC00045679
USC00045756,  35.04920,  -118.16190,  833.60, 2,  233.154, 2,  568.247, USC00045756
USC00045779,  38.00000,  -119.15000, 1965.70, 2,  269.820, 2, 1924.898, USC00045779
USC00045795,  36.59030,  -121.91030,  117.30, 1,   11.152, 1,  107.062, USC00045795
USC00045802,  36.59280,  -121.85560,   37.20, 1,   13.890, 1,   77.545, USC00045802
USC00045853,  37.13640,  -121.60250,  114.30, 3,   39.245, 2,  326.643, USC00045853
USC00045866,  35.36690,  -120.84470,   36.00, 4,    5.665, 1,   20.937, USC00045866
USC00045915,  37.87920,  -121.93030,  661.40, 1,   39.051, 2,  475.336, USC00045915
USC00045933,  37.34360,  -121.64250, 1282.00, 4,   53.423, 2,  820.656, USC00045933
USC00045941,  41.78360,  -122.04470, 1295.40, 1,  177.560, 2,  751.349, USC00045941
USC00046074,  38.27780,  -122.26470,   10.70, 3,   29.850, 1,   24.749, USC00046074
USC00046136,  39.24670,  -121.00080,  847.60, 4,  177.929, 2,  798.336, USC00046136
USC00046144,  37.51470,  -122.03250,    3.00, 4,   21.575, 1,    9.166, USC00046144
USC00046168,  37.28110,  -121.01780,   27.40, 2,   88.041, 1,   30.467, USC00046168
USC00046172,  37.95000,  -120.53330,  236.20, 3,  152.154, 2,  325.703, USC00046172
USC00046174,  38.00470,  -120.48640,  292.60, 4,  159.113, 2,  413.268, USC00046174
USC00046252,  37.23280,  -119.50970,  806.20, 3,  210.895, 2,  766.442, USC00046252
USC00046336,  37.79830,  -122.26420,    9.10, 4,   13.890, 1,    8.718, USC00046336
USC00046370,  38.38580,  -122.96610,  263.70, 3,   16.327, 1,  241.138, USC00046370
USC00046476,  36.61670,  -119.30000,  131.10, 4,  201.055, 1,   81.710, USC00046476
USC00046498,  41.36190,  -124.01920,   48.80, 4,   10.428, 1,  127.913, USC00046498
USC00046506,  39.74580,  -122.19970,   77.40, 2,  139.127, 1,   59.172, USC00046506
USC00046508,  41.30890,  -123.53170,  122.80, 4,   52.190, 2,  361.627, USC00046508
USC00046521,  39.51780,  -121.55310,   52.10, 4,  183.101, 1,  130.438, USC00046521
USC00046598,  37.61030,  -122.48420,   38.10, 5,    8.859, 1,  190.572, USC00046598
USC00046599,  37.59170,  -122.47170,  144.80, 5,    8.859, 1,  190.572, USC00046599
USC00046610,  36.71500,  -121.34920,  275.80, 4,   44.536, 2,  331.187, USC00046610
USC00046646,  37.44360,  -122.14030,    7.60, 1,   21.550, 1,   14.055, USC00046646
USC00046685,  39.75390,  -121.62420,  533.40, 3,  192.809, 2,  570.644, USC00046685
USC00046730,  35.62780,  -120.68560,  222.50, 4,   39.627, 1,  221.865, USC00046730
USC00046826,  38.25780,  -122.60780,    6.10, 3,   32.251, 1,  154.989, USC00046826
USC00046926,  36.48190,  -121.18220,  398.40, 3,   65.385, 2,  457.038, USC00046926
USC00046943,  35.15970,  -120.68310,   11.90, 4,    8.972, 1,   88.725, USC00046943
USC00046960,  38.69560,  -120.82440,  563.90, 4,  156.085, 2,  481.050, USC00046960
USC00046962,  38.73330,  -120.73330,  839.70, 4,  165.666, 2,  716.397, USC00046962
USC00047009,  38.90000,  -123.70000,   30.50, 4,    5.404, 1,   31.541, USC00047009
USC00047077,  36.06780,  -119.02000,  119.80, 4,  188.568, 1,   83.150, USC00047077
USC00047085,  39.80530,  -120.47190, 1478.30, 3,  256.663, 2, 1063.946, USC00047085
USC00047096,  35.80000,  -118.63330, 1511.80, 4,  201.746, 2, 1221.866, USC00047096
USC00047109,  39.36190,  -123.12860,  310.30, 3,   59.513, 2,  418.206, USC00047109
USC00047150,  36.18830,  -120.69530,  701.00, 3,   78.633, 2,  788.563, USC00047150
USC00047195,  39.93670,  -120.94750, 1042.40, 1,  242.547, 2, 1320.478, USC00047195
USC00047253,  35.36920,  -117.65250, 1088.10, 1,  279.387, 2,  816.464, USC00047253
USC00047300,  40.55000,  -122.38330,  143.30, 2,  152.227, 1,   98.197, USC00047300
USC00047339,  37.47670,  -122.23860,    9.40, 1,   20.835, 1,   23.997, USC00047339
USC00047404,  40.02610,  -123.79310,  153.30, 4,   25.421, 2,  311.577, USC00047404
USC00047414,  37.91920,  -122.37720,    6.10, 5,   13.890, 1,   17.323, USC00047414
USC00047641,  39.43170,  -120.24060, 1931.50, 2,  243.529, 2, 1346.744, USC00047641
USC00047643,  38.50670,  -122.47140,   68.60, 3,   55.827, 1,  184.420, USC00047643
USC00047668,  36.65940,  -121.66640,   13.70, 1,   18.094, 1,   14.275, USC00047668
USC00047689,  38.50060,  -120.21890, 1127.80, 4,  198.727, 2, 1637.188, USC00047689
USC00047767,  37.72810,  -122.50530,    2.40, 5,    5.494, 1,   21.290, USC00047767
USC00047807,  37.31170,  -122.36170,   83.80, 4,   11.052, 1,  166.977, USC00047807
USC00047821,  37.34970,  -121.90330,   20.40, 4,   44.326, 1,   25.097, USC00047821
USC00047846,  37.05330,  -121.05780,   84.40, 1,   77.354, 1,  185.805, USC00047846
USC00047851,  35.30560,  -120.66190,   93.90, 4,   21.594, 1,  116.308, USC00047851
USC00047880,  37.99830,  -122.53720,   36.60, 2,   12.963, 1,   59.877, USC00047880
USC00047916,  36.99060,  -121.99110,   39.60, 3,    6.945, 1,   38.108, USC00047916
USC00047933,  35.37420,  -120.63750,  349.90, 4,   22.660, 2,  383.026, USC00047933
USC00047965,  38.43810,  -122.69780,   53.00, 4,   38.708, 1,   87.803, USC00047965
USC00048025,  41.30110,  -123.13310,  661.10, 4,   83.504, 2,  966.381, USC00048025
USC00048045,  40.48310,  -124.10360,   41.50, 1,   29.825, 1,  199.124, USC00048045
USC00048122,  35.48670,  -119.14580,  123.10, 4,  147.731, 1,   56.106, USC00048122
USC00048135,  40.71420,  -122.41610,  327.70, 2,  153.848, 2,  256.828, USC00048135
USC00048163,  40.03310,  -124.07280,   75.00, 3,    5.318, 1,  158.670, USC00048163
USC00048207,  39.56780,  -120.62280, 1292.40, 4,  234.028, 2, 1391.175, USC00048207
USC00048218,  39.58330,  -120.37060, 1516.40, 1,  249.058, 2, 1012.676, USC00048218
USC00048273,  37.31330,  -122.18500,  691.90, 1,   27.607, 2,  397.081, USC00048273
USC00048351,  38.29940,  -122.46220,   29.60, 3,   28.312, 1,   35.928, USC00048351
USC00048353,  37.96720,  -120.38720,  510.50, 4,  162.856, 2,  502.236, USC00048353
USC00048380,  37.51220,  -119.63310, 1538.30, 4,  210.857, 2, 1295.732, USC00048380
USC00048490,  39.87780,  -123.72750,  260.00, 4,   21.186, 2,  500.649, USC00048490
USC00048560,  37.99940,  -121.31780,    3.70, 5,   84.298, 1,    6.662, USC00048560
USC00048587,  39.58610,  -122.53420,  243.80, 2,  112.385, 2,  259.465, USC00048587
USC00048606,  39.56310,  -121.10780, 1160.70, 3,  207.504, 2, 1096.705, USC00048606
USC00048702,  40.41670,  -120.66310, 1283.80, 2,  283.701, 2,  532.921, USC00048702
USC00048713,  38.37720,  -120.80080,  483.40, 4,  147.856, 2,  430.812, USC00048713
USC00048752,  35.15030,  -119.43000,  235.60, 1,  119.488, 1,  170.458, USC00048752
USC00048758,  39.16780,  -120.14280, 1898.90, 2,  231.966, 2, 1454.574, USC00048758
USC00048826,  35.13330,  -118.45000, 1224.40, 4,  204.605, 2, 1067.260, USC00048826
USC00048829,  35.10110,  -118.42220, 1286.30, 2,  210.247, 2, 1154.175, USC00048829
USC00048839,  35.02330,  -118.74970,  434.30, 4,  181.976, 2,  448.061, USC00048839
USC00048873,  40.86670,  -120.43330, 1615.40, 5,  317.062, 2,  535.127, USC00048873
USC00048917,  36.46500,  -118.86190,  347.50, 4,  223.794, 2,  575.261, USC00048917
USC00048928,  38.44610,  -120.49920,  717.80, 4,  175.921, 2, 1021.898, USC00048928
USC00048999,  37.68190,  -121.34670,   41.10, 1,   76.976, 1,   41.837, USC00048999
USC00049001,  37.79670,  -121.58280,   18.60, 1,   56.665, 1,   63.734, USC00049001
USC00049026,  40.72640,  -122.79470,  567.20, 3,  122.677, 2,  673.458, USC00049026
USC00049035,  35.76360,  -117.39080,  516.60, 3,  309.456, 2,  536.810, USC00049035
USC00049040,  39.31810,  -120.14500, 1798.30, 1,  243.619, 2, 1150.844, USC00049040
USC00049043,  39.33310,  -120.17300, 1774.90, 1,  243.619, 2, 1150.844, USC00049043
USC00049053,  41.96000,  -121.47440, 1229.90, 5,  226.545, 2,  316.025, USC00049053
USC00049073,  37.50060,  -120.85500,   35.10, 5,  116.887, 1,   30.519, USC00049073
USC00049105,  38.70860,  -120.04030, 2438.40, 4,  220.541, 2, 2115.095, USC00049105
USC00049122,  39.14670,  -123.21030,  193.90, 3,   48.984, 2,  271.473, USC00049122
USC00049173,  39.19060,  -122.89640,  406.90, 3,   76.663, 2,  668.995, USC00049173
USC00049185,  37.77190,  -122.16750,  120.10, 4,   14.937, 1,  182.940, USC00049185
USC00049200,  38.39560,  -121.96080,   33.50, 2,   56.526, 1,   58.271, USC00049200
USC00049219,  38.10000,  -122.18690,  103.90, 5,   22.948, 1,  102.795, USC00049219
USC00049351,  39.80560,  -120.18580, 1508.80, 1,  275.059, 2,  745.508, USC00049351
USC00049367,  36.32780,  -119.29940,  106.70, 5,  183.768, 1,   48.982, USC00049367
USC00049440,  38.71610,  -122.99750,   68.30, 3,   38.357, 1,  116.924, USC00049440
USC00049452,  35.58920,  -119.35190,   88.70, 5,  136.452, 1,   41.800, USC00049452
USC00049473,  36.93080,  -121.76920,   29.00, 3,   11.107, 1,   17.334, USC00049473
USC00049490,  40.73670,  -122.94030,  627.30, 3,  107.171, 2,  734.277, USC00049490
USC00049499,  41.43330,  -122.38330, 1093.90, 1,  145.850, 2,  772.088, USC00049499
USC00049621,  40.61170,  -122.52810,  394.70, 2,  146.235, 2,  322.295, USC00049621
USC00049671,  36.26560,  -117.18530, 1249.70, 4,  347.520, 2, 1489.663, USC00049671
USC00049677,  39.15000,  -122.15000,   25.90, 2,  120.203, 1,   20.027, USC00049677
USC00049684,  39.41940,  -123.34250,  412.40, 3,   45.084, 2,  426.714, USC00049684
USC00049694,  40.94670,  -123.63640,  141.40, 1,   47.195, 2,  379.377, USC00049694
USC00049699,  39.52310,  -122.30580,   71.00, 2,  133.911, 1,   46.735, USC00049699
USC00049742,  38.52530,  -121.97780,   41.10, 2,   67.403, 1,   44.534, USC00049742
USC00049775,  38.78330,  -119.80000, 1722.10, 2,  243.283, 2,  992.805, USC00049775
USC00049781,  38.68280,  -121.79390,   20.40, 5,   88.262, 1,   21.350, USC00049781
USC00049792,  37.42860,  -122.25610,  115.80, 1,   17.955, 2,  424.967, USC00049792
USC00049855,  37.75000,  -119.58970, 1224.70, 4,  223.420, 2, 1692.812, USC00049855
USC00049859,  38.39500,  -122.35670,   29.00, 3,   42.026, 1,   74.426, USC00049859
USC00049866,  41.70360,  -122.64080,  800.10, 2,  125.305, 2,  560.968, USC00049866
USC00261485,  39.12530,  -119.76780, 1451.20, 2,  259.990, 2,  659.902, USC00261485
USC00262119,  38.97830,  -119.89140, 2235.40, 2,  241.066, 2, 1584.601, USC00262119
USC00262394,  41.86780,  -119.01470, 1472.20, 2,  425.922, 2,  298.891, USC00262394
USC00262431,  37.61500,  -118.01060, 1493.50, 2,  349.340, 2,  923.240, USC00262431
USC00262780,  39.45720,  -118.78110, 1208.50, 5,  352.384, 1,  100.907, USC00262780
USC00263090,  40.65170,  -119.35780, 1205.20, 2,  392.813, 1,   50.399, USC00263090
USC00263205,  39.07530,  -119.94110, 1935.50, 2,  242.462, 2, 1219.574, USC00263205
USC00263285,  37.70810,  -117.23310, 1734.30, 2,  421.898, 2, 1024.673, USC00263285
USC00263512,  38.52360,  -118.62780, 1323.70, 2,  326.340, 1,  176.676, USC00263512
USC00263515,  38.55000,  -118.66670, 1286.30, 2,  326.340, 1,  176.676, USC00263515
USC00264349,  39.46890,  -119.06440, 1270.10, 2,  328.480, 1,  199.390, USC00264349
USC00264527,  41.51670,  -118.71920, 1292.00, 3,  452.072, 1,  217.669, USC00264527
USC00265168,  38.38440,  -118.10560, 1391.70, 4,  370.504, 1,  238.896, USC00265168
USC00265191,  38.95470,  -119.77580, 1435.30, 2,  250.912, 2,  644.721, USC00265191
USC00265194,  39.02000,  -119.70890, 1487.40, 4,  258.679, 2,  631.633, USC00265194
USC00265440,  39.35000,  -119.86670, 2286.00, 2,  265.823, 2, 1026.154, USC00265440
USC00266791,  39.56830,  -119.79560, 1520.00, 2,  285.992, 2,  485.578, USC00266791
USC00267463,  37.76170,  -117.56580, 1302.70, 2,  391.807, 2,  492.124, USC00267463
USC00267612,  38.88220,  -119.35110, 1524.00, 2,  283.609, 2,  372.748, USC00267612
USC00267618,  40.60440,  -119.74750, 1173.50, 3,  365.601, 1,   32.562, USC00267618
USC00267620,  38.78390,  -117.17390, 1721.20, 2,  459.233, 2,  447.538, USC00267620
USC00267693,  39.52360,  -119.73860, 1340.20, 4,  286.294, 2,  337.161, USC00267693
USC00267697,  39.55580,  -119.73330, 1328.00, 4,  286.294, 2,  337.161, USC00267697
USC00267806,  38.96670,  -119.95000, 1904.40, 1,  236.177, 2, 1276.719, USC00267806
USC00267820,  39.62530,  -119.88360, 1554.80, 2,  281.794, 2,  587.070, USC00267820
USC00267953,  39.95080,  -119.59860, 1188.70, 2,  324.531, 1,   49.311, USC00267953
USC00268186,  38.69440,  -119.54530, 1557.80, 2,  261.831, 2,  780.333, USC00268186
USC00268202,  38.74560,  -119.51000, 1699.90, 2,  261.831, 2,  780.333, USC00268202
USC00268761,  39.31280,  -119.64830, 1932.40, 4,  279.560, 2,  970.460, USC00268761
USC00268822,  39.07470,  -119.11890, 1310.60, 2,  311.065, 1,  177.952, USC00268822
USC00268838,  39.69140,  -119.29000, 1219.20, 2,  328.972, 1,  236.959, USC00268838
USC00269229,  38.99920,  -119.15750, 1335.00, 1,  301.196, 1,  222.204, USC00269229
USC00350036,  42.17610,  -119.89610, 1396.90, 2,  357.118, 1,  165.256, USC00350036
USC00350118,  42.96940,  -119.99330, 1320.40, 4,  358.565, 2,  335.840, USC00350118
USC00350304,  42.21280,  -122.71440,  532.20, 1,  131.797, 2,  290.132, USC00350304
USC00350854,  42.43330,  -121.10000, 1334.40, 4,  266.889, 1,  236.340, USC00350854
USC00350856,  42.22080,  -120.57920, 1389.90, 3,  302.668, 2,  556.465, USC00350856
USC00351055,  42.03000,  -124.24530,   15.20, 4,    8.653, 1,  164.526, USC00351055
USC00351058,  42.04640,  -124.28780,   25.00, 3,    5.159, 1,   47.793, USC00351058
USC00351448,  42.15970,  -123.64220,  419.70, 1,   55.611, 2,  342.748, USC00351448
USC00351546,  43.22920,  -121.78940, 1450.80, 1,  208.927, 2,  575.797, USC00351546
USC00351574,  42.70360,  -121.99530, 1274.10, 3,  204.767, 2,  626.451, USC00351574
USC00351946,  42.89670,  -122.13280, 1973.60, 4,  187.922, 2, 1380.217, USC00351946
USC00353029,  43.35720,  -121.05170, 1318.60, 1,  267.756, 1,   55.158, USC00353029
USC00353095,  43.39360,  -121.21220, 1404.80, 1,  252.228, 1,  209.282, USC00353095
USC00353232,  42.20500,  -121.13140, 1478.30, 4,  257.620, 2,  361.592, USC00353232
USC00353356,  42.40360,  -124.42420,   15.20, 4,    5.128, 1,  154.820, USC00353356
USC00353445,  42.42440,  -123.32360,  283.50, 1,   91.221, 1,  195.002, USC00353445
USC00353692,  42.54830,  -119.65560, 1711.80, 1,  385.470, 2,  497.295, USC00353692
USC00354060,  42.22920,  -122.38140, 1392.00, 4,  157.078, 2, 1010.268, USC00354060
USC00354126,  43.37080,  -122.96530,  329.20, 4,  111.866, 2,  319.780, USC00354126
USC00354133,  42.62860,  -124.05750,  106.10, 4,   36.439, 2,  417.604, USC00354133
USC00354506,  42.20080,  -121.78140, 1249.10, 3,  207.997, 2,  472.794, USC00354506
USC00354670,  42.24140,  -120.36780, 1490.50, 4,  322.821, 2,  370.941, USC00354670
USC00354835,  43.35970,  -122.22080, 1242.70, 1,  172.105, 2,  784.799, USC00354835
USC00355055,  42.67220,  -122.67500,  481.60, 4,  148.354, 2,  361.816, USC00355055
USC00355174,  42.00780,  -121.31860, 1410.30, 4,  237.941, 2,  446.132, USC00355174
USC00355424,  42.29610,  -122.87000,  444.10, 1,  123.455, 1,  190.633, USC00355424
USC00356426,  42.69220,  -120.54030, 1328.90, 1,  319.035, 1,   79.288, USC00356426
USC00356907,  42.73420,  -122.51640,  756.50, 4,  158.939, 2,  501.283, USC00356907
USC00357354,  42.34140,  -120.88940, 1489.90, 4,  281.102, 2,  299.828, USC00357354
USC00357391,  42.22310,  -123.04720,  472.40, 1,  106.748, 2,  372.011, USC00357391
USC00357668,  42.27830,  -123.64610,  402.30, 2,   62.121, 2,  558.694, USC00357668
USC00357817,  43.12440,  -121.06200, 1335.60, 1,  271.166, 1,  120.824, USC00357817
USC00358007,  42.43060,  -121.48920, 1366.40, 4,  236.602, 2,  474.424, USC00358007
USC00358173,  42.95920,  -120.78970, 1277.70, 2,  293.761, 1,  185.927, USC00358173
USC00358420,  43.26440,  -120.94470, 1313.70, 1,  273.376, 1,   74.442, USC00358420
USC00358536,  43.27500,  -122.44970,  627.90, 4,  152.867, 2,  497.653, USC00358536
USC00358812,  42.48440,  -120.28220, 1318.30, 1,  333.798, 1,  110.785, USC00358812
USR0000CABS,  40.39830,  -122.83330,  579.10, 2,  113.932, 2,  654.349, USR0000CABS
USR0000CAGD,  35.17920,  -120.39190,  319.40, 4,   29.238, 2,  297.875, USR0000CAGD
USR0000CALD,  39.65140,  -122.72360, 1310.60, 2,   96.243, 2, 1074.454, USR0000CALD
USR0000CALT,  37.35810,  -122.14720,  196.60, 1,   27.607, 2,  397.081, USR0000CALT
USR0000CAPT,  40.18670,  -123.59030,  281.30, 4,   46.447, 2,  258.277, USR0000CAPT
USR0000CARR,  36.23000,  -121.49170,  298.70, 2,   26.382, 2,  566.951, USR0000CARR
USR0000CASC,  41.27690,  -121.97940,  975.40, 3,  182.661, 2,  786.381, USR0000CASC
USR0000CASH,  41.05190,  -120.68610, 1554.50, 5,  293.684, 2,  613.721, USR0000CASH
USR0000CBAC,  40.88920,  -123.14220, 1432.60, 3,   89.231, 2,  959.764, USR0000CBAC
USR0000CBAL,  38.90560,  -120.69720, 1426.50, 4,  176.086, 2,  985.989, USR0000CBAL
USR0000CBAR,  38.02810,  -122.70220,  378.00, 5,   17.687, 1,  190.636, USR0000CBAR
USR0000CBAT,  37.23190,  -119.50830,  963.20, 3,  210.895, 2,  766.442, USR0000CBAT
USR0000CBBR,  40.73330,  -123.23330,  457.20, 3,   86.643, 2,  702.152, USR0000CBBR
USR0000CBDY,  35.86440,  -120.80310,  163.70, 4,   48.266, 1,  193.275, USR0000CBDY
USR0000CBEA,  35.88420,  -118.05170, 2507.90, 2,  259.334, 2, 1975.898, USR0000CBEA
USR0000CBEN,  37.84310,  -118.47780, 1661.20, 4,  320.768, 2,  849.791, USR0000CBEN
USR0000CBEY,  35.13970,  -118.62500, 1219.20, 4,  187.575, 2, 1231.886, USR0000CBEY
USR0000CBGR,  39.39750,  -121.38610,  244.80, 4,  175.671, 2,  275.304, USR0000CBGR
USR0000CBIH,  41.09750,  -123.63580, 1088.10, 4,   44.078, 2,  432.854, USR0000CBIH
USR0000CBIR,  38.03940,  -122.57000,  457.20, 2,   16.411, 1,  210.411, USR0000CBIR
USR0000CBKD,  37.95000,  -121.88440,  487.70, 1,   44.254, 1,  246.346, USR0000CBKD
USR0000CBKR,  40.27890,  -122.48690,  213.40, 2,  134.334, 1,  146.501, USR0000CBKR
USR0000CBLD,  41.05470,  -120.33750, 1711.50, 4,  319.775, 2,  735.011, USR0000CBLD
USR0000CBLQ,  41.26940,  -123.18750, 1815.40, 4,   78.285, 2,  888.299, USR0000CBLQ
USR0000CBLT,  38.59080,  -120.93360,  275.80, 4,  144.950, 2,  288.270, USR0000CBLT
USR0000CBNL,  37.13170,  -122.17000,  801.60, 3,   21.559, 2,  378.116, USR0000CBNL
USR0000CBOG,  40.59810,  -121.08310, 1722.10, 1,  255.235, 2, 1250.576, USR0000CBOG
USR0000CBOO,  38.98750,  -123.34860,  196.30, 4,   34.131, 2,  314.151, USR0000CBOO
USR0000CBOR,  35.07670,  -117.58500,  881.80, 1,  284.113, 2,  474.967, USR0000CBOR
USR0000CBR4,  38.27190,  -119.28920, 2026.90, 2,  266.521, 2, 1303.168, USR0000CBR4
USR0000CBRA,  35.18890,  -120.08330, 1149.10, 1,   58.455, 2,  726.548, USR0000CBRA
USR0000CBRF,  41.29500,  -120.31330, 1889.80, 4,  318.258, 2,  583.599, USR0000CBRF
USR0000CBRI,  37.94420,  -122.11780,  442.00, 1,   28.231, 1,   72.988, USR0000CBRI
USR0000CBRK,  36.09310,  -118.26030, 2499.40, 4,  246.682, 2, 2266.118, USR0000CBRK
USR0000CBRO,  38.73830,  -122.14470,  107.90, 2,   79.439, 1,  192.188, USR0000CBRO
USR0000CBSR,  36.23560,  -121.78500,  137.20, 4,    6.945, 1,  228.402, USR0000CBSR
USR0000CBUC,  37.82330,  -120.09750,  975.40, 4,  187.860, 2,  695.971, USR0000CBUC
USR0000CBUL,  40.48080,  -120.11390, 1339.60, 3,  331.421, 2,  383.177, USR0000CBUL
USR0000CBUT,  40.07890,  -121.50390, 1511.80, 4,  203.104, 2, 1348.639, USR0000CBUT
USR0000CBVR,  38.48830,  -120.32500, 1524.00, 4,  186.428, 2, 1154.370, USR0000CBVR
USR0000CBZE,  41.68530,  -122.59420,  914.40, 2,  129.970, 2,  612.410, USR0000CBZE
USR0000CCAH,  36.34690,  -121.51080,  682.80, 1,   30.594, 2,  765.649, USR0000CCAH
USR0000CCAL,  41.30750,  -122.79580,  955.90, 1,  114.817, 2, 1212.188, USR0000CCAL
USR0000CCAN,  41.43420,  -120.86780, 1314.30, 1,  276.016, 2,  397.553, USR0000CCAN
USR0000CCAR,  35.09640,  -119.77280,  759.00, 1,   85.237, 2,  840.885, USR0000CCAR
USR0000CCAT,  37.46810,  -120.11060,  365.80, 4,  172.193, 2,  467.395, USR0000CCAT
USR0000CCDG,  36.78780,  -118.65610, 1438.70, 4,  257.597, 2, 1862.091, USR0000CCDG
USR0000CCHC,  39.71190,  -121.77890,   70.10, 3,  176.500, 1,   73.002, USR0000CCHC
USR0000CCLV,  37.55310,  -121.84390,  374.90, 4,   35.820, 2,  331.203, USR0000CCLV
USR0000CCMO,  36.41080,  -118.80920, 1966.00, 4,  224.821, 2, 1444.363, USR0000CCMO
USR0000CCOH,  39.87170,  -121.76890,  528.20, 4,  177.430, 2,  320.415, USR0000CCOH
USR0000CCOL,  41.77500,  -122.95030, 1674.30, 2,  100.719, 2,  764.898, USR0000CCOL
USR0000CCOO,  40.25690,  -124.26610,  899.20, 4,   10.596, 2,  362.592, USR0000CCOO
USR0000CCOR,  36.99110,  -121.79780,  137.20, 3,   13.095, 1,   71.440, USR0000CCOR
USR0000CCOU,  39.01890,  -122.41190,  635.50, 2,   95.138, 2,  501.374, USR0000CCOU
USR0000CCRA,  37.76170,  -119.82470, 2025.10, 4,  206.516, 2, 1478.984, USR0000CCRA
USR0000CCRE,  37.74500,  -118.98330, 2316.50, 1,  274.793, 2, 1769.959, USR0000CCRE
USR0000CCRN,  39.93890,  -122.16970,   89.60, 5,  148.163, 1,   52.390, USR0000CCRN
USR0000CCRR,  40.06860,  -121.58250, 1466.70, 4,  197.933, 2, 1184.143, USR0000CCRR
USR0000CCRZ,  41.99190,  -123.60360, 1210.10, 1,   56.800, 2,  893.998, USR0000CCRZ
USR0000CCSH,  40.00170,  -120.91500, 1377.70, 4,  254.048, 2, 1307.723, USR0000CCSH
USR0000CDGR,  41.53000,  -120.67140, 1530.70, 3,  291.065, 2,  381.338, USR0000CDGR
USR0000CDIA,  37.32920,  -121.29390,  563.90, 2,   73.686, 2,  452.430, USR0000CDIA
USR0000CDMC,  35.53170,  -118.63030,  718.10, 4,  193.229, 2,  906.193, USR0000CDMC
USR0000CDNK,  37.06640,  -119.03940, 1727.60, 3,  252.191, 2, 2604.367, USR0000CDNK
USR0000CDOG,  39.56190,  -120.04780, 1821.50, 1,  264.759, 2, 1021.757, USR0000CDOG
USR0000CDOR,  39.30360,  -121.11720,  617.20, 4,  179.618, 2,  590.082, USR0000CDOR
USR0000CDOY,  40.02220,  -120.10560, 1292.40, 1,  298.699, 2,  373.132, USR0000CDOY
USR0000CDPP,  37.63000,  -119.09330, 2304.30, 2,  262.035, 2, 2184.551, USR0000CDPP
USR0000CDUN,  39.14390,  -120.50890, 2164.10, 4,  205.286, 2, 1609.837, USR0000CDUN
USR0000CEAG,  39.92780,  -122.65690, 1131.70, 2,  105.142, 2,  855.961, USR0000CEAG
USR0000CEEC,  40.13830,  -123.82360,  135.90, 3,   29.768, 2,  288.879, USR0000CEEC
USR0000CEEL,  39.83330,  -123.08330,  457.20, 4,   67.377, 2,  775.340, USR0000CEEL
USR0000CELI,  38.06310,  -120.24690, 1503.60, 4,  182.033, 2, 1055.535, USR0000CELI
USR0000CESP,  38.24280,  -120.51500,  780.00, 4,  160.553, 2,  635.624, USR0000CESP
USR0000CFAN,  36.88390,  -119.46580,  280.40, 3,  211.651, 2,  299.655, USR0000CFAN
USR0000CFEN,  36.96140,  -119.17500, 1538.60, 3,  237.831, 2, 1175.683, USR0000CFEN
USR0000CFHL,  36.01170,  -121.24170,  335.30, 2,   31.349, 2,  400.027, USR0000CFHL
USR0000CFIV,  35.87170,  -117.91830, 1264.90, 2,  267.814, 2,  813.200, USR0000CFIV
USR0000CFO2,  36.62690,  -121.78640,  149.40, 1,    8.902, 1,   70.676, USR0000CFO2
USR0000CFOR,  39.09140,  -120.73170, 1327.40, 4,  188.243, 2, 1062.864, USR0000CFOR
USR0000CFOU,  35.89220,  -118.91500,   64.00, 4,  187.175, 1,  227.478, USR0000CFOU
USR0000CFRI,  40.50500,  -123.34170, 1219.20, 1,   83.770, 2, 1201.397, USR0000CFRI
USR0000CFSL,  37.47830,  -118.40780, 1371.60, 4,  313.971, 2,  741.830, USR0000CFSL
USR0000CGAS,  41.84580,  -123.97920,  152.40, 4,   25.869, 2,  379.872, USR0000CGAS
USR0000CGHP,  40.78170,  -120.78440, 1877.00, 5,  287.164, 2,  983.082, USR0000CGHP
USR0000CGOR,  40.75860,  -120.89610, 1889.80, 1,  276.840, 2, 1139.367, USR0000CGOR
USR0000CGSP,  37.83310,  -120.50000,  310.90, 3,  149.721, 2,  290.345, USR0000CGSP
USR0000CGZF,  38.61970,  -120.56140, 1140.00, 4,  175.017, 2, 1061.927, USR0000CGZF
USR0000CHAS,  36.38860,  -121.55170,  574.50, 1,   35.682, 2,  876.103, USR0000CHAS
USR0000CHAW,  38.78170,  -122.91690,  609.60, 3,   46.987, 2,  397.451, USR0000CHAW
USR0000CHAY,  40.55000,  -123.16500,  708.10, 1,   98.710, 2,  777.667, USR0000CHAY
USR0000CHEL,  39.07170,  -120.42170, 1597.20, 4,  210.080, 2, 1430.850, USR0000CHEL
USR0000CHER,  36.38250,  -120.85580, 1137.80, 4,   82.992, 2,  842.681, USR0000CHER
USR0000CHGL,  39.20830,  -122.80830, 1475.20, 3,   86.243, 2,  927.703, USR0000CHGL
USR0000CHIG,  37.31470,  -119.03830, 2256.40, 4,  257.090, 2, 1853.973, USR0000CHIG
USR0000CHLD,  39.03080,  -123.08060,  817.50, 3,   52.818, 2,  500.895, USR0000CHLD
USR0000CHLR,  36.84220,  -121.36220,  123.10, 4,   45.020, 1,  147.211, USR0000CHLR
USR0000CHNM,  36.56250,  -117.47360, 2097.00, 2,  333.562, 2, 1782.259, USR0000CHNM
USR0000CHOL,  40.63060,  -120.50280, 1554.50, 3,  302.399, 2,  634.698, USR0000CHOL
USR0000CHOO,  41.04780,  -123.67140,  114.30, 4,   46.751, 2,  294.362, USR0000CHOO
USR0000CHUR,  37.01530,  -119.56780,  366.10, 3,  201.837, 2,  322.122, USR0000CHUR
USR0000CIND,  41.74170,  -121.53830, 1453.90, 1,  218.369, 2,  718.912, USR0000CIND
USR0000CJAR,  39.73580,  -121.48890,  759.00, 3,  203.202, 2,  590.637, USR0000CJAR
USR0000CJER,  37.54360,  -119.83860, 1188.70, 4,  195.269, 2, 1030.306, USR0000CJER
USR0000CJOH,  35.97170,  -118.54500, 1432.60, 4,  220.410, 2, 1442.274, USR0000CJOH
USR0000CJUA,  41.78610,  -122.00560, 1645.90, 1,  177.560, 2,  751.349, USR0000CJUA
USR0000CJUN,  41.33220,  -120.47250, 1332.60, 4,  307.535, 2,  260.828, USR0000CJUN
USR0000CKER,  35.75500,  -118.41670,  829.10, 3,  222.857, 2, 1126.757, USR0000CKER
USR0000CKET,  36.03330,  -120.05690,  246.90, 2,  109.438, 1,  148.567, USR0000CKET
USR0000CKLA,  42.95330,  -121.58190, 1381.00, 4,  229.504, 2,  374.108, USR0000CKLA
USR0000CKNO,  38.86190,  -122.41720,  670.60, 3,   81.256, 2,  561.898, USR0000CKNO
USR0000CKON,  38.91190,  -122.70640,  659.30, 2,   67.291, 2,  698.984, USR0000CKON
USR0000CLAB,  37.05470,  -121.05310,  106.70, 1,   77.354, 1,  185.805, USR0000CLAB
USR0000CLAH,  37.30530,  -122.25500,  265.80, 4,   16.578, 1,  244.033, USR0000CLAH
USR0000CLAP,  35.38110,  -120.18750,  496.80, 1,   57.136, 2,  516.251, USR0000CLAP
USR0000CLAR,  35.47830,  -117.69890, 1338.10, 1,  275.291, 2,  772.929, USR0000CLAR
USR0000CLAS,  40.34420,  -121.71360, 1267.70, 4,  196.249, 2, 1127.227, USR0000CLAS
USR0000CLAU,  40.14170,  -120.35330, 1767.80, 1,  295.608, 2,  539.873, USR0000CLAU
USR0000CLAY,  39.70220,  -123.48500,  554.70, 4,   32.810, 2,  652.174, USR0000CLAY
USR0000CLDR,  40.80720,  -121.29670, 1752.60, 1,  245.947, 2, 1223.011, USR0000CLDR
USR0000CLGA,  37.20280,  -121.94280,  609.60, 1,   34.725, 1,  240.178, USR0000CLGA
USR0000CLIN,  38.88250,  -121.26830,   61.00, 4,  137.959, 1,   54.338, USR0000CLIN
USR0000CLKL,  41.99920,  -121.70030, 1249.10, 5,  206.221, 2,  460.810, USR0000CLKL
USR0000CLST,  35.65640,  -120.92420,  303.00, 4,   26.518, 2,  372.939, USR0000CLST
USR0000CLVR,  37.71190,  -121.81360,  243.80, 1,   33.699, 1,  173.345, USR0000CLVR
USR0000CLYO,  39.12580,  -123.07360,  975.40, 4,   59.670, 2,  795.351, USR0000CLYO
USR0000CMAD,  40.46330,  -123.52390,  845.80, 4,   71.644, 2,  887.954, USR0000CMAD
USR0000CMAN,  40.54000,  -121.58030, 1725.20, 4,  213.337, 2, 1603.127, USR0000CMAN
USR0000CMAP,  40.79640,  -123.93670,  512.10, 4,   29.715, 1,  214.852, USR0000CMAP
USR0000CMAR,  37.51280,  -119.60470, 1950.70, 4,  215.982, 2, 1704.678, USR0000CMAR
USR0000CMCG,  39.35280,  -123.60110,  180.70, 4,   22.588, 1,  180.092, USR0000CMCG
USR0000CMEN,  39.80750,  -122.94500, 1652.00, 4,   76.067, 2, 1027.227, USR0000CMEN
USR0000CMER,  37.65280,  -120.08830,  792.50, 4,  180.623, 2,  701.029, USR0000CMER
USR0000CMET,  37.40940,  -119.76810,  937.90, 3,  195.551, 2,  695.712, USR0000CMET
USR0000CMEY,  38.84890,  -120.01810, 1923.30, 1,  225.564, 2, 1579.435, USR0000CMEY
USR0000CMIO,  36.23140,  -118.86890,  586.10, 4,  209.809, 2,  617.728, USR0000CMIO
USR0000CMLR,  37.81720,  -121.77890,  621.80, 1,   43.723, 2,  349.559, USR0000CMLR
USR0000CMOD,  41.45890,  -120.35360, 1335.00, 4,  317.342, 2,  536.200, USR0000CMOD
USR0000CMOU,  37.05440,  -119.37110, 1249.70, 3,  223.858, 2, 1050.170, USR0000CMOU
USR0000CMRK,  38.68330,  -119.76670, 1676.70, 1,  239.072, 2, 1446.921, USR0000CMRK
USR0000CMS2,  41.31560,  -122.31560,    0.00, 4,  151.204, 2,  909.721, USR0000CMS2
USR0000CMSA,  37.50420,  -119.98690,  680.00, 4,  184.974, 2,  842.460, USR0000CMSA
USR0000CMTD,  37.88170,  -121.91420, 1173.20, 1,   39.051, 2,  475.336, USR0000CMTD
USR0000CMTZ,  38.38940,  -120.65110,  902.20, 4,  158.356, 2,  692.444, USR0000CMTZ
USR0000CNFO,  37.23310,  -119.50470,  829.10, 3,  210.895, 2,  766.442, USR0000CNFO
USR0000COAB,  40.65060,  -122.60560,  404.20, 2,  139.521, 2,  434.429, USR0000COAB
USR0000COAK,  41.83860,  -122.85000,  591.30, 3,  112.349, 2,  426.061, USR0000COAK
USR0000COAM,  41.00640,  -121.98330,  518.20, 3,  184.279, 2,  522.027, USR0000COAM
USR0000COCR,  36.84250,  -118.25940, 1479.80, 2,  288.662, 2, 1513.984, USR0000COCR
USR0000COKN,  37.86500,  -122.22080,  427.60, 4,   20.835, 1,  236.797, USR0000COKN
USR0000COKO,  36.17530,  -118.70170,  987.60, 4,  215.799, 2, 1036.710, USR0000COKO
USR0000COKS,  37.78610,  -122.14470,  333.80, 4,   14.937, 1,  182.940, USR0000COKS
USR0000COPA,  35.15420,  -117.17560,  987.60, 2,  323.835, 2,  566.462, USR0000COPA
USR0000COWE,  38.73330,  -120.24500, 1597.20, 4,  205.298, 2, 1504.868, USR0000COWE
USR0000COWV,  37.39000,  -118.55060, 1414.30, 2,  301.687, 2,  897.492, USR0000COWV
USR0000CPAN,  36.12030,  -117.08780, 2097.00, 4,  345.858, 2, 2071.806, USR0000CPAN
USR0000CPAR,  35.89890,  -120.43190,  467.90, 1,   75.274, 2,  575.742, USR0000CPAR
USR0000CPAT,  40.29500,  -122.86670, 1066.80, 2,  106.109, 2,  758.297, USR0000CPAT
USR0000CPIE,  40.24610,  -120.64220, 1737.40, 1,  278.660, 2, 1036.009, USR0000CPIE
USR0000CPIH,  36.68530,  -119.00000, 1237.50, 4,  222.717, 2,  896.451, USR0000CPIH
USR0000CPIK,  39.47500,  -121.20250, 1132.00, 3,  190.010, 2,  814.764, USR0000CPIK
USR0000CPIL,  38.83250,  -121.00860,  365.80, 4,  149.911, 2,  369.079, USR0000CPIL
USR0000CPKR,  36.72420,  -118.94250, 2298.20, 4,  231.390, 2, 1681.159, USR0000CPKR
USR0000CPNN,  36.47080,  -121.14720,  402.90, 3,   65.385, 2,  457.038, USR0000CPNN
USR0000CPOV,  37.44310,  -121.77060,  629.70, 4,   43.808, 2,  472.145, USR0000CPOV
USR0000CPRD,  36.72690,  -120.76580,  619.40, 2,   94.638, 2,  492.744, USR0000CPRD
USR0000CPUL,  37.47500,  -122.29810,  196.30, 1,   20.835, 1,  161.931, USR0000CPUL
USR0000CQUA,  41.59920,  -122.93360, 1287.80, 2,  103.878, 2,  656.635, USR0000CQUA
USR0000CQUI,  39.97330,  -120.94190, 1066.80, 1,  247.832, 2,  862.701, USR0000CQUI
USR0000CRAV,  40.73080,  -120.31640, 1614.80, 3,  319.563, 2,  579.995, USR0000CRAV
USR0000CRDR,  39.30360,  -121.11720,  599.80, 4,  179.618, 2,  590.082, USR0000CRDR
USR0000CREA,  40.51580,  -122.29060,  152.40, 3,  161.215, 1,   89.519, USR0000CREA
USR0000CROC,  37.55140,  -118.66720, 2145.80, 2,  294.318, 2, 1723.810, USR0000CROC
USR0000CROD,  39.66810,  -123.32110,  740.10, 4,   42.775, 2,  574.931, USR0000CROD
USR0000CROU,  41.42720,  -121.46390, 1602.60, 3,  223.979, 2,  709.893, USR0000CROU
USR0000CRSP,  37.50190,  -121.73550,  932.70, 4,   46.163, 2,  878.190, USR0000CRSP
USR0000CRUS,  41.29440,  -120.86390, 1463.00, 4,  276.546, 2,  774.846, USR0000CRUS
USR0000CRUT,  40.25060,  -123.31580,  832.70, 4,   71.776, 2,  933.441, USR0000CRUT
USR0000CSAC,  39.41720,  -122.18250,   36.60, 5,  140.642, 1,   15.943, USR0000CSAC
USR0000CSAW,  41.30030,  -123.13220,  668.10, 4,   83.504, 2,  966.381, USR0000CSAW
USR0000CSCN,  41.11170,  -122.69670, 1341.10, 3,  121.065, 2,  814.556, USR0000CSCN
USR0000CSDC,  39.42500,  -122.97720,  540.40, 3,   76.333, 2,  655.234, USR0000CSDC
USR0000CSDD,  39.63750,  -120.86530, 2033.00, 3,  225.585, 2, 1479.819, USR0000CSDD
USR0000CSEC,  39.18360,  -120.88470,  861.40, 4,  180.547, 2,  752.515, USR0000CSEC
USR0000CSHA,  37.13500,  -119.25610, 1751.40, 4,  231.278, 2, 1637.710, USR0000CSHA
USR0000CSHH,  41.13830,  -123.90560,  804.70, 4,   22.029, 2,  504.625, USR0000CSHH
USR0000CSHI,  41.73580,  -123.79170, 1615.40, 4,   34.091, 2, 1053.205, USR0000CSHI
USR0000CSHQ,  36.56720,  -118.95560, 1240.20, 4,  222.825, 2,  938.773, USR0000CSHQ
USR0000CSIM,  41.07500,  -122.37330,  731.50, 3,  152.273, 2,  585.705, USR0000CSIM
USR0000CSLA,  41.85860,  -123.35250, 1423.40, 3,   72.891, 2,  628.751, USR0000CSLA
USR0000CSNL,  37.18220,  -120.79390,   19.80, 5,  103.123, 1,   18.884, USR0000CSNL
USR0000CSNR,  36.34780,  -120.59780, 1524.00, 2,   96.091, 2, 1266.785, USR0000CSNR
USR0000CSOL,  40.92580,  -121.58560, 1130.80, 1,  217.477, 2,  645.424, USR0000CSOL
USR0000CSOM,  41.39000,  -123.49580,  280.40, 4,   57.299, 2,  477.995, USR0000CSOM
USR0000CSQS,  35.37000,  -117.56830, 1103.40, 1,  285.033, 2,  764.678, USR0000CSQS
USR0000CSRS,  38.47860,  -122.71190,  175.60, 4,   38.708, 1,   87.803, USR0000CSRS
USR0000CSTA,  39.48330,  -120.07500, 2093.10, 1,  256.258, 2, 1123.787, USR0000CSTA
USR0000CSTO,  39.36690,  -122.57500,  365.80, 2,  105.937, 2,  625.104, USR0000CSTO
USR0000CSUF,  40.91670,  -122.43830, 1280.20, 2,  145.584, 2,  630.837, USR0000CSUF
USR0000CSVA,  37.56250,  -122.43640,  327.70, 1,   16.523, 2,  272.695, USR0000CSVA
USR0000CTHO,  39.86440,  -122.60970,  317.00, 2,  108.805, 2,  264.717, USR0000CTHO
USR0000CTIM,  41.62940,  -121.29810, 1511.80, 2,  238.896, 2,  425.014, USR0000CTIM
USR0000CTOM,  37.37610,  -119.17830, 2748.70, 4,  248.113, 2, 1789.853, USR0000CTOM
USR0000CTRA,  37.83390,  -122.06690,  536.40, 4,   23.552, 1,  249.023, USR0000CTRA
USR0000CTRI,  40.78640,  -122.80450, 1008.30, 3,  121.633, 2,  657.399, USR0000CTRI
USR0000CTRM,  36.91110,  -119.30500,  469.40, 3,  225.168, 2,  382.977, USR0000CTRM
USR0000CTUO,  37.86830,  -119.31830, 2825.50, 4,  249.097, 2, 2519.336, USR0000CTUO
USR0000CUHL,  35.88890,  -118.63330, 1133.90, 4,  207.272, 2, 1155.379, USR0000CUHL
USR0000CUND,  40.72190,  -123.49530,  792.50, 1,   66.428, 2, 1029.528, USR0000CUND
USR0000CVAN,  41.64310,  -121.79390, 1502.10, 1,  197.391, 2,  946.839, USR0000CVAN
USR0000CWAK,  38.56530,  -119.45920, 1658.10, 1,  261.976, 2,  770.016, USR0000CWAK
USR0000CWAL,  35.66470,  -118.05690, 1698.30, 2,  251.386, 2, 1466.508, USR0000CWAL
USR0000CWEA,  40.73500,  -122.94330,  640.10, 3,  107.171, 2,  734.277, USR0000CWEA
USR0000CWEE,  41.47890,  -122.45390,  893.10, 1,  140.506, 2,  613.079, USR0000CWEE
USR0000CWES,  40.30670,  -120.90000, 1767.80, 3,  259.610, 2, 1119.905, USR0000CWES
USR0000CWHC,  39.31670,  -120.83750, 1316.70, 4,  199.086, 2, 1015.517, USR0000CWHC
USR0000CWHT,  40.61940,  -121.89940,  736.70, 4,  192.284, 2,  606.177, USR0000CWHT
USR0000CWOF,  35.72170,  -118.49890,  960.10, 3,  215.285, 2,  967.696, USR0000CWOF
USR0000CWOL,  36.44500,  -118.70330, 1597.20, 4,  233.209, 2, 1858.964, USR0000CWOL
USR0000CWOO,  37.99060,  -122.64470,  426.70, 5,   13.890, 2,  316.237, USR0000CWOO
USR0000CWWO,  37.85110,  -119.65000, 2446.00, 4,  224.331, 2, 2261.163, USR0000CWWO
USR0000CYOL,  40.33750,  -123.06560, 1378.80, 1,   92.839, 2, 1252.732, USR0000CYOL
USR0000CYUR,  41.28970,  -123.85750,  150.90, 4,   26.095, 2,  318.707, USR0000CYUR
USR0000NBAR,  41.91110,  -119.93890, 1778.50, 2,  348.849, 2,  411.370, USR0000NBAR
USR0000NBLU,  40.50170,  -119.12170, 1392.90, 2,  397.872, 2,  332.601, USR0000NBLU
USR0000NBRA,  38.26110,  -118.88030, 2462.80, 1,  298.355, 2, 1355.243, USR0000NBRA
USR0000NBUF,  40.58190,  -119.79000,  851.60, 3,  360.515, 1,   52.900, USR0000NBUF
USR0000NCAT,  41.92000,  -119.49500, 1749.60, 1,  390.102, 2,  557.526, USR0000NCAT
USR0000NDEA,  39.26360,  -118.94330, 1368.60, 1,  329.010, 1,  246.390, USR0000NDEA
USR0000NDRY,  41.49170,  -119.11670, 1493.50, 3,  421.286, 2,  449.617, USR0000NDRY
USR0000NDSS,  39.67250,  -119.77000, 1609.30, 2,  290.181, 2,  572.565, USR0000NDSS
USR0000NFIS,  38.93610,  -119.65190, 1560.60, 4,  258.241, 2,  735.526, USR0000NFIS
USR0000NFOX,  41.00610,  -119.56810, 2100.10, 4,  382.424, 2,  742.596, USR0000NFOX
USR0000NGAL,  39.38170,  -119.81500, 1524.00, 2,  269.615, 2,  978.263, USR0000NGAL
USR0000NJUN,  41.08190,  -119.77720, 1630.10, 3,  366.256, 2,  554.959, USR0000NJUN
USR0000NLIT,  39.24440,  -119.88080, 1923.30, 2,  253.982, 2, 1426.043, USR0000NLIT
USR0000NORI,  37.23530,  -117.49640, 1249.70, 3,  371.741, 2, 1093.090, USR0000NORI
USR0000NROY,  38.26310,  -117.51610, 1554.50, 2,  414.343, 2,  426.704, USR0000NROY
USR0000OAGN,  42.55220,  -124.05780,   75.30, 4,   35.825, 2,  321.925, USR0000OAGN
USR0000OBKL,  42.70000,  -124.03330, 1106.40, 4,   38.356, 2,  645.429, USR0000OBKL
USR0000OBUC,  42.07030,  -123.23330, 1598.10, 1,   88.789, 2,  834.420, USR0000OBUC
USR0000OBUE,  43.03610,  -122.65530,  998.20, 4,  144.971, 2,  505.688, USR0000OBUE
USR0000OBUS,  42.11970,  -122.56330,  847.30, 4,  139.971, 2,  683.145, USR0000OBUS
USR0000OCAB,  43.50000,  -121.05000, 1385.30, 1,  267.120, 1,   97.017, USR0000OCAB
USR0000OCAI,  42.63140,  -121.55970, 2020.50, 4,  238.522, 2,  700.755, USR0000OCAI
USR0000OCHE,  43.22640,  -121.78890, 1410.90, 1,  208.927, 2,  575.797, USR0000OCHE
USR0000OCHI,  42.57690,  -121.89360, 1347.20, 4,  207.229, 2,  539.075, USR0000OCHI
USR0000OCIN,  43.32080,  -122.10670, 1473.40, 1,  182.164, 2,  939.212, USR0000OCIN
USR0000OCOF,  42.55000,  -120.62000, 1600.20, 2,  309.654, 2,  341.256, USR0000OCOF
USR0000ODEA,  42.28330,  -122.31670, 1493.50, 4,  163.409, 2, 1055.850, USR0000ODEA
USR0000OEMI,  43.46750,  -122.21750, 1170.40, 1,  171.367, 2,  699.455, USR0000OEMI
USR0000OEVA,  42.59780,  -123.10330,  975.40, 3,  112.478, 2,  555.723, USR0000OEVA
USR0000OFOR,  43.42500,  -120.84170, 1350.30, 1,  282.469, 1,  108.127, USR0000OFOR
USR0000OGAD,  43.41580,  -122.57720,  883.90, 1,  141.370, 2,  430.341, USR0000OGAD
USR0000OGER,  42.20560,  -121.13890, 1499.60, 4,  257.620, 2,  361.592, USR0000OGER
USR0000OGLD,  42.41610,  -124.41750,   19.80, 4,    5.128, 1,  154.820, USR0000OGLD
USR0000OHOY,  42.97640,  -121.42190, 1659.60, 4,  244.261, 2,  669.208, USR0000OHOY
USR0000OILL,  42.10390,  -123.68530,  423.40, 1,   53.423, 2,  350.500, USR0000OILL
USR0000OLAW,  42.41670,  -124.13330,  856.50, 4,   25.640, 2,  898.990, USR0000OLAW
USR0000OMER,  42.49470,  -123.39720,  378.00, 2,   87.090, 1,  211.061, USR0000OMER
USR0000OMOU,  42.93720,  -122.43530, 1437.10, 4,  168.957, 2,  820.605, USR0000OMOU
USR0000OONI,  42.45440,  -123.61500, 1352.70, 2,   71.721, 2,  823.293, USR0000OONI
USR0000OPAR,  42.10580,  -122.27810, 1609.30, 3,  164.854, 2,  781.383, USR0000OPAR
USR0000OPOO,  42.92690,  -120.11000, 1402.10, 4,  349.919, 1,  121.248, USR0000OPOO
USR0000OPRO,  42.28970,  -123.23030,  359.70, 1,   94.200, 2,  253.227, USR0000OPRO
USR0000OQUA,  42.21670,  -124.03330,  924.50, 4,   31.647, 2,  668.482, USR0000OQUA
USR0000OREM,  42.12330,  -124.30060,  534.30, 3,    8.650, 1,  228.272, USR0000OREM
USR0000OROC,  42.54750,  -119.65640, 1719.10, 1,  385.470, 2,  497.295, USR0000OROC
USR0000OSEL,  42.40750,  -122.19140, 1485.90, 2,  176.631, 2, 1076.404, USR0000OSEL
USR0000OSQU,  42.06670,  -123.01670, 1513.00, 1,  104.102, 2,  734.175, USR0000OSQU
USR0000OSTA,  42.15000,  -123.06670,  510.80, 1,  100.155, 2,  593.560, USR0000OSTA
USR0000OSTR,  42.18940,  -120.84640, 1703.80, 4,  282.588, 2,  546.669, USR0000OSTR
USR0000OSUM,  42.23220,  -120.24560, 1873.60, 4,  332.921, 2,  571.893, USR0000OSUM
USR0000OTAF,  43.22170,  -122.76810,  853.40, 4,  129.286, 2,  752.778, USR0000OTAF
USR0000OTIM,  43.24330,  -121.35830, 1834.90, 1,  244.008, 2,  644.448, USR0000OTIM
USR0000OTOK,  43.23970,  -122.40000, 1024.10, 4,  159.014, 2,  652.819, USR0000OTOK
USR0000OWCR,  42.06670,  -124.11670,  438.90, 4,   20.795, 2,  409.460, USR0000OWCR
USR0000OZIM,  42.68500,  -122.39030, 1246.30, 4,  168.773, 2,  700.209, USR0000OZIM
USS0019K04S,  39.16000,  -119.90000, 2401.80, 2,  250.527, 2, 1542.701, USS0019K04S
USS0019K07S,  39.32000,  -119.89000, 2682.50, 2,  261.308, 2, 1846.828, USS0019K07S
USS0019K08S,  39.46000,  -119.94000, 2514.30, 1,  264.814, 2, 1172.281, USS0019K08S
USS0019L03S,  38.85000,  -119.94000, 2370.10, 1,  230.559, 2, 1793.932, USS0019L03S
USS0019L05S,  38.61000,  -119.92000, 2455.80, 2,  226.749, 2, 1951.098, USS0019L05S
USS0019L06S,  38.51000,  -119.63000, 2357.90, 1,  244.267, 2, 1673.578, USS0019L06S
USS0019L07S,  38.31000,  -119.60000, 2690.50, 1,  240.201, 2, 2340.932, USS0019L07S
USS0019L08S,  38.30000,  -119.55000, 2194.00, 1,  245.447, 2, 1979.984, USS0019L08S
USS0019L13S,  38.07000,  -119.23000, 2878.80, 2,  267.579, 2, 1941.587, USS0019L13S
USS0019L17S,  38.44000,  -119.37000, 2814.20, 1,  267.229, 2, 1997.626, USS0019L17S
USS0019L19S,  38.55000,  -119.80000, 2671.60, 1,  234.280, 2, 2148.331, USS0019L19S
USS0019L24S,  38.92000,  -119.92000, 2615.80, 2,  238.234, 2, 1911.932, USS0019L24S
USS0019L38S,  38.28000,  -119.61000, 2931.30, 1,  240.201, 2, 2340.932, USS0019L38S
USS0019L39S,  38.67000,  -119.82000, 1863.90, 2,  233.866, 2, 1643.862, USS0019L39S
USS0019L40S,  38.67000,  -119.61000, 2532.90, 2,  254.751, 2, 1440.426, USS0019L40S
USS0020G02S,  42.70000,  -120.80000, 2158.00, 1,  299.268, 2,  560.515, USS0020G02S
USS0020G06S,  42.32000,  -120.83000, 1743.50, 4,  286.060, 2,  421.893, USS0020G06S
USS0020G09S,  42.13000,  -120.84000, 1758.70, 4,  281.094, 2,  548.302, USS0020G09S
USS0020G12S,  42.64000,  -120.95000, 1883.70, 4,  282.689, 2,  628.850, USS0020G12S
USS0020H02S,  41.89000,  -120.75000, 1575.80, 3,  281.922, 2,  429.594, USS0020H02S
USS0020H06S,  41.58000,  -120.30000, 2142.70, 2,  321.999, 2,  907.238, USS0020H06S
USS0020H12S,  41.99000,  -120.18000, 2243.30, 2,  334.024, 2, 1005.039, USS0020H12S
USS0020H13S,  41.24000,  -120.79000, 1886.70, 4,  282.030, 2,  911.803, USS0020H13S
USS0020K03S,  39.49000,  -120.28000, 1967.80, 1,  243.765, 2, 1485.034, USS0020K03S
USS0020K04S,  39.45000,  -120.29000, 2134.50, 1,  243.765, 2, 1485.034, USS0020K04S
USS0020K05S,  39.43000,  -120.31000, 2545.70, 2,  239.334, 2, 1592.293, USS0020K05S
USS0020K13S,  39.30000,  -120.18000, 1983.90, 1,  239.597, 2, 1353.882, USS0020K13S
USS0020K25S,  39.14000,  -120.22000, 2028.40, 4,  227.413, 2, 1708.179, USS0020K25S
USS0020K27S,  39.17000,  -120.15000, 2071.70, 2,  231.966, 2, 1454.574, USS0020K27S
USS0020K30S,  39.19000,  -120.26000, 2447.20, 4,  226.801, 2, 1881.560, USS0020K30S
USS0020K31S,  39.33000,  -120.37000, 2089.40, 2,  230.800, 2, 1809.093, USS0020K31S
USS0020L02S,  39.00000,  -120.13000, 2343.60, 1,  221.662, 2, 1983.639, USS0020L02S
USS0020L06S,  38.85000,  -120.08000, 2337.80, 1,  220.590, 2, 1928.789, USS0020L06S
USS0020L10S,  38.93000,  -120.05000, 1900.70, 1,  228.350, 2, 1429.934, USS0020L10S
USS0021F12S,  42.96000,  -121.18000, 1749.60, 1,  264.011, 2,  429.163, USS0021F12S
USS0021F22S,  43.23000,  -121.81000, 1478.30, 1,  208.927, 2,  575.797, USS0021F22S
USS0021G03S,  42.69000,  -121.43000, 1533.10, 4,  250.385, 2,  398.442, USS0021G03S
USS0021G04S,  42.21000,  -121.13000, 1490.50, 4,  257.620, 2,  361.592, USS0021G04S
USS0022F14S,  43.45000,  -122.14000, 1709.90, 1,  176.407, 2, 1068.355, USS0022F14S
USS0022F18S,  43.19000,  -122.14000, 1609.30, 4,  178.940, 2,  936.508, USS0022F18S
USS0022F45S,  43.23000,  -122.43000,  987.60, 4,  159.014, 2,  652.819, USS0022F45S
USS0022G12S,  42.44000,  -122.23000, 1819.70, 2,  178.587, 2, 1201.243, USS0022G12S
USS0022G13S,  42.41000,  -122.27000, 1609.30, 4,  171.690, 2, 1211.537, USS0022G13S
USS0022G14S,  42.38000,  -122.35000, 1420.40, 4,  166.762, 2, 1106.431, USS0022G14S
USS0022G21S,  42.05000,  -122.85000, 1844.00, 1,  118.908, 2, 1508.560, USS0022G21S
USS0022G24S,  42.53000,  -122.18000, 1810.50, 2,  185.621, 2, 1327.016, USS0022G24S
USS0022G33S,  42.70000,  -122.14000, 1737.40, 2,  189.484, 2, 1186.150, USS0022G33S
USS0023G09S,  42.72000,  -123.20000, 1322.80, 4,  103.091, 2,  975.902, USS0023G09S
USS0023G15S,  42.08000,  -123.34000, 1563.60, 1,   78.615, 2, 1420.395, USS0023G15S
USW00004139,  41.84830,  -119.63580, 1981.20, 5,  374.229, 2,  627.274, USW00004139
USW00004222,  40.65080,  -122.60670,  432.20, 2,  139.521, 2,  434.429, USW00004222
USW00023110,  36.33330,  -119.95000,   70.70, 5,  137.692, 1,   28.293, USW00023110
USW00023153,  38.05110,  -117.09030, 1644.40, 2,  441.618, 2,  591.214, USW00023153
USW00023155,  35.43440,  -119.05420,  149.00, 4,  157.018, 1,   69.630, USW00023155
USW00023157,  37.37110,  -118.35810, 1250.30, 4,  316.561, 2,  751.045, USW00023157
USW00023185,  39.48390,  -119.77110, 1344.20, 2,  277.944, 2,  390.671, USW00023185
USW00023213,  38.50390,  -122.81030,   34.70, 3,   35.459, 1,   58.560, USW00023213
USW00023225,  39.27750,  -120.71030, 1608.10, 4,  201.823, 2, 1301.816, USW00023225
USW00023230,  37.72140,  -122.22080,    1.80, 4,    6.945, 1,    4.872, USW00023230
USW00023232,  38.50690,  -121.49500,    4.60, 5,   98.863, 1,   11.454, USW00023232
USW00023233,  36.66360,  -121.60810,   22.60, 4,   23.334, 1,   25.203, USW00023233
USW00023234,  37.61970,  -122.36470,    2.40, 1,    8.859, 1,   16.753, USW00023234
USW00023237,  37.88920,  -121.22580,    7.90, 5,   92.113, 1,   12.526, USW00023237
USW00023239,  37.73330,  -122.31670,    4.90, 5,    8.857, 1,    8.633, USW00023239
USW00023244,  37.40580,  -122.04810,   11.90, 1,   32.322, 1,   14.168, USW00023244
USW00023254,  37.99170,  -122.05500,    5.50, 1,   33.563, 1,   30.110, USW00023254
USW00023257,  37.28470,  -120.51280,   46.30, 5,  128.798, 1,   32.279, USW00023257
USW00023258,  37.62420,  -120.95060,   22.30, 5,  110.230, 1,   23.642, USW00023258
USW00023259,  36.58810,  -121.84530,   50.30, 1,   13.890, 1,   77.545, USW00023259
USW00023271,  38.55560,  -121.41690,   11.60, 5,  103.418, 1,   15.263, USW00023271
USW00023272,  37.77060,  -122.42690,   45.70, 5,   16.467, 1,   33.446, USW00023272
USW00023275,  39.12580,  -123.20080,  183.20, 3,   48.984, 2,  271.473, USW00023275
USW00023277,  36.93580,  -121.78860,   48.80, 3,   11.107, 1,   17.334, USW00023277
USW00023285,  37.69280,  -121.81440,  119.80, 1,   33.699, 1,  173.345, USW00023285
USW00023293,  37.35920,  -121.92390,   15.50, 4,   44.326, 1,   25.097, USW00023293
USW00024172,  40.06810,  -118.56920, 1189.30, 3,  400.847, 1,  150.732, USW00024172
USW00024213,  40.80970,  -124.16030,    6.10, 4,   10.518, 1,   29.296, USW00024213
USW00024215,  41.33250,  -122.33280, 1077.50, 4,  151.204, 2,  909.721, USW00024215
USW00024216,  40.15190,  -122.25360,  107.60, 5,  144.308, 1,   76.417, USW00024216
USW00024225,  42.38110,  -122.87220,  395.30, 1,  127.949, 1,  129.229, USW00024225
USW00024235,  42.60030,  -123.36420, 1168.00, 4,   92.028, 2,  469.900, USW00024235
USW00024257,  40.51750,  -122.29860,  151.50, 3,  161.215, 1,   89.519, USW00024257
USW00024259,  41.78060,  -122.47170,  803.10, 4,  141.572, 2,  410.308, USW00024259
USW00024283,  40.97810,  -124.10860,   61.00, 4,   10.488, 1,   74.341, USW00024283
USW00024286,  41.78030,  -124.23670,   17.10, 4,    8.662, 1,   11.399, USW00024286
USW00053119,  36.31890,  -119.62890,   75.90, 5,  157.535, 1,   27.540, USW00053119
USW00053139,  36.60190,  -117.14500,   25.60, 1,  361.565, 1,  108.234, USW00053139
USW00053150,  37.75920,  -119.82080, 2017.80, 4,  206.516, 2, 1478.984, USW00053150
USW00093102,  39.41670,  -118.71670, 1199.10, 5,  354.296, 1,   91.420, USW00093102
USW00093104,  35.68750,  -117.69310,  679.70, 1,  278.896, 2,  426.347, USW00093104
USW00093193,  36.78000,  -119.71940,  101.50, 5,  187.603, 1,   57.401, USW00093193
USW00093205,  39.10190,  -121.56780,   18.90, 5,  137.560, 1,   14.839, USW00093205
USW00093206,  35.23720,  -120.64140,   61.00, 4,   15.006, 1,   81.862, USW00093206
USW00093209,  35.66970,  -120.62830,  246.90, 4,   39.627, 1,  221.865, USW00093209
USW00093210,  39.49000,  -121.61830,   57.90, 4,  174.563, 1,   38.834, USW00093210
USW00093225,  38.69560,  -121.58970,    7.00, 5,  104.143, 1,    8.281, USW00093225
USW00093226,  35.66560,  -121.28470,   18.00, 3,    5.643, 1,   41.798, USW00093226
USW00093227,  38.21030,  -122.28470,    4.30, 3,   23.526, 1,   14.195, USW00093227
USW00093228,  37.65420,  -122.11500,   13.10, 4,   10.997, 1,   25.079, USW00093228
USW00093230,  38.89830,  -119.99470, 1924.50, 1,  233.281, 2, 1392.549, USW00093230
USW00093241,  38.37750,  -121.95750,   33.20, 2,   56.526, 1,   58.271, USW00093241
USW00093242,  36.98780,  -120.11060,   77.10, 5,  156.944, 1,   48.639, USW00093242
USW00093243,  37.23810,  -120.88250,   23.80, 5,   95.228, 1,   19.440, USW00093243
USW00093245,  38.32080,  -123.07470,   19.20, 3,    5.447, 1,   22.111, USW00093245
USW00094236,  42.14690,  -121.72420, 1244.80, 3,  211.134, 2,  411.061, USW00094236
USW00094299,  41.49140,  -120.56440, 1333.50, 5,  296.546, 1,  195.327, USW00094299
