NSITES 736
#STNID	LAT	LON	ELEV	ASP	DIST_COAST	INVERSION	TOPO_POS	STN_NAME
US1CAAL0001,  37.81230,  -122.21600,   90.54, 4,   13.890, 1,   41.834, US1CAAL0001
US1CAAL0003,  37.71690,  -122.05850,  173.77, 4,   17.891, 1,  210.145, US1CAAL0003
US1CAAL0004,  37.64830,  -121.87450,  238.29, 4,   32.990, 1,  161.298, US1CAAL0004
US1CAAL0007,  37.51500,  -121.95230,  118.50, 4,   26.028, 1,   21.221, US1CAAL0007
US1CAAL0011,  37.68210,  -122.13320,   53.16, 4,    5.498, 1,    5.997, US1CAAL0011
US1CAAL0012,  37.67020,  -121.88140,  209.50, 4,   27.491, 1,  208.249, US1CAAL0012
US1CAAM0003,  38.49860,  -120.53640, 1000.97, 4,  170.687, 2,  972.776, US1CAAM0003
US1CABT0002,  39.51400,  -121.51800,  222.66, 4,  183.101, 1,  130.438, US1CABT0002
US1CABT0007,  39.76970,  -121.81380,  156.57, 4,  171.505, 1,   53.093, US1CABT0007
US1CACC0001,  37.98980,  -122.10850,  117.19, 1,   28.231, 1,   72.988, US1CACC0001
US1CACC0004,  37.87830,  -122.03380,  169.40, 1,   32.294, 1,   77.119, US1CACC0004
US1CACC0010,  37.88830,  -122.15260,  151.47, 1,   25.934, 1,  236.885, US1CACC0010
US1CACC0011,  37.97440,  -122.13840,  124.26, 1,   22.966, 1,  219.860, US1CACC0011
US1CACC0016,  37.97830,  -122.01340,  118.27, 1,   33.563, 1,   30.110, US1CACC0016
US1CACC0018,  37.88460,  -122.02850,  169.40, 1,   32.294, 1,   77.119, US1CACC0018
US1CACV0002,  38.19670,  -120.97280,  104.59, 4,  126.124, 1,   76.637, US1CACV0002
US1CADN0001,  41.82400,  -124.14820,  149.13, 4,   10.348, 1,   30.899, US1CADN0001
US1CAED0010,  38.73870,  -120.78460,  632.75, 4,  160.855, 2,  589.154, US1CAED0010
US1CAFR0002,  36.86110,  -119.69310,  125.85, 3,  189.169, 1,   66.152, US1CAFR0002
US1CAFR0003,  36.98970,  -119.39710,  646.59, 3,  217.663, 2,  542.120, US1CAFR0003
US1CAFR0005,  36.93420,  -119.35860,  593.08, 3,  221.437, 2,  481.358, US1CAFR0005
US1CAFR0007,  36.83620,  -119.82930,  102.23, 5,  178.058, 1,   56.791, US1CAFR0007
US1CAFR0008,  36.57020,  -120.08920,   61.06, 5,  148.345, 1,   19.603, US1CAFR0008
US1CAHM0001,  40.88090,  -124.06920,  116.73, 4,   10.498, 1,   25.547, US1CAHM0001
US1CAHM0002,  40.82480,  -124.03820,  223.34, 4,   17.217, 1,  206.799, US1CAHM0002
US1CAHM0003,  41.20840,  -124.10270,  186.64, 4,    5.224, 1,  180.039, US1CAHM0003
US1CAHM0004,  40.92310,  -124.08400,  116.73, 4,   10.498, 1,   25.547, US1CAHM0004
US1CAHM0005,  40.89620,  -123.99840,  343.28, 4,   20.996, 2,  318.911, US1CAHM0005
US1CAHM0009,  40.97780,  -124.08600,  136.20, 4,   10.488, 1,   74.341, US1CAHM0009
US1CAHM0014,  40.20930,  -123.89410,  389.96, 3,   29.754, 2,  376.744, US1CAHM0014
US1CAHM0016,  40.75630,  -124.16610,   81.35, 4,   10.518, 1,   29.296, US1CAHM0016
US1CAHM0021,  40.88730,  -124.07240,  116.73, 4,   10.498, 1,   25.547, US1CAHM0021
US1CAHM0022,  40.93920,  -123.62360,  758.40, 4,   52.439, 2,  497.126, US1CAHM0022
US1CAHM0026,  40.47340,  -123.70130,  758.00, 4,   58.791, 2,  726.193, US1CAHM0026
US1CAHM0029,  40.58670,  -124.14090,  181.97, 4,   21.042, 1,   54.023, US1CAHM0029
US1CAHM0030,  40.07750,  -123.82390,  375.97, 3,   25.404, 2,  268.494, US1CAHM0030
US1CAHM0035,  40.76420,  -124.14760,   81.35, 4,   10.518, 1,   29.296, US1CAHM0035
US1CAHM0038,  40.76590,  -123.99850,  380.39, 4,   25.191, 2,  470.105, US1CAHM0038
US1CAIN0001,  37.36260,  -118.38830, 1668.34, 1,  311.131, 2,  812.508, US1CAIN0001
US1CAIN0002,  37.32270,  -118.54040, 2071.02, 1,  300.283, 2, 1240.329, US1CAIN0002
US1CAKG0001,  36.29320,  -119.77180,   66.91, 5,  144.549, 1,   20.449, US1CAKG0001
US1CAKG0003,  36.29500,  -119.79140,   66.91, 5,  144.549, 1,   20.449, US1CAKG0003
US1CAKG0004,  36.37690,  -119.65270,   78.98, 5,  162.177, 1,   32.299, US1CAKG0004
US1CAKG0005,  36.33490,  -119.67430,   74.93, 5,  157.535, 1,   27.540, US1CAKG0005
US1CAKN0001,  35.63450,  -117.97820, 1321.96, 2,  256.874, 2, 1303.220, US1CAKN0001
US1CAKN0013,  35.70220,  -118.17390, 1524.45, 3,  242.245, 2,  848.796, US1CAKN0013
US1CALK0008,  38.86520,  -122.56360,  532.56, 2,   68.905, 2,  494.218, US1CALK0008
US1CALS0001,  40.36760,  -120.67390, 1623.17, 2,  281.860, 2,  783.946, US1CALS0001
US1CAMA0001,  37.44150,  -119.63160, 1480.75, 4,  208.315, 2, 1497.907, US1CAMA0001
US1CAMD0001,  39.22060,  -123.33120,  457.98, 4,   40.175, 2,  543.219, US1CAMD0001
US1CAMD0003,  39.00620,  -123.40840,  388.16, 4,   32.369, 1,  220.588, US1CAMD0003
US1CAMD0007,  39.15830,  -123.22480,  451.11, 3,   48.984, 2,  271.473, US1CAMD0007
US1CAMD0009,  39.14130,  -123.19940,  451.11, 3,   48.984, 2,  271.473, US1CAMD0009
US1CAMD0014,  39.27230,  -123.17850,  506.81, 4,   57.721, 2,  426.528, US1CAMD0014
US1CAMD0016,  39.08330,  -123.21910,  459.36, 3,   48.511, 2,  352.708, US1CAMD0016
US1CAMD0017,  39.67240,  -123.48980,  645.58, 4,   32.081, 2,  576.845, US1CAMD0017
US1CAMN0001,  38.03370,  -119.16970, 2468.42, 2,  271.933, 2, 1452.317, US1CAMN0001
US1CAMP0001,  37.53960,  -119.98760,  779.16, 4,  184.974, 2,  842.460, US1CAMP0001
US1CAMP0002,  37.46130,  -119.74170, 1246.86, 4,  203.174, 2, 1169.506, US1CAMP0002
US1CAMP0003,  37.63540,  -120.32730,  310.91, 4,  161.336, 2,  279.274, US1CAMP0003
US1CAMR0002,  38.00500,  -122.63540,  159.66, 5,   20.835, 1,  217.047, US1CAMR0002
US1CAMR0003,  37.99710,  -122.58050,  140.07, 2,   14.932, 1,  180.546, US1CAMR0003
US1CAMR0005,  37.98720,  -122.56430,  140.07, 2,   14.932, 1,  180.546, US1CAMR0005
US1CAMR0009,  38.24750,  -122.81190,  104.05, 5,   21.825, 1,  116.114, US1CAMR0009
US1CAMR0012,  38.02680,  -122.54730,   87.61, 2,   10.941, 1,   45.792, US1CAMR0012
US1CAMT0002,  36.47570,  -121.72850,  441.41, 1,   23.403, 2,  287.167, US1CAMT0002
US1CAMT0003,  35.98080,  -121.11740,  374.00, 2,   35.012, 2,  344.382, US1CAMT0003
US1CAMT0005,  36.02490,  -121.17450,  390.66, 2,   35.750, 2,  417.736, US1CAMT0005
US1CAMT0006,  36.77640,  -121.72840,   60.61, 4,   11.125, 1,   26.618, US1CAMT0006
US1CAMT0007,  36.59370,  -121.85570,  131.36, 1,   13.890, 1,   77.545, US1CAMT0007
US1CAMT0008,  36.18720,  -121.14610,  313.91, 2,   43.673, 1,  216.124, US1CAMT0008
US1CAMT0020,  36.77700,  -121.72690,   60.61, 4,   11.125, 1,   26.618, US1CAMT0020
US1CAMT0023,  36.39800,  -121.86850,  378.97, 4,   11.179, 2,  702.032, US1CAMT0023
US1CANP0003,  38.57640,  -122.57800,  364.18, 3,   53.169, 1,  201.658, US1CANP0003
US1CANV0001,  39.30670,  -121.03990,  787.40, 4,  183.105, 2,  748.812, US1CANV0001
US1CANV0014,  39.03220,  -121.07740,  455.89, 4,  159.258, 2,  437.980, US1CANV0014
US1CANV0016,  39.11980,  -121.05990,  606.72, 4,  167.962, 2,  558.605, US1CANV0016
US1CANV0022,  39.26830,  -121.12110,  675.76, 4,  179.618, 2,  590.082, US1CANV0022
US1CANV0028,  39.22880,  -121.05950,  741.07, 4,  177.929, 2,  798.336, US1CANV0028
US1CAPC0001,  39.30210,  -120.38370, 2032.13, 4,  222.279, 2, 1579.463, US1CAPC0001
US1CAPC0007,  38.78020,  -121.37660,   28.45, 5,  120.530, 1,   26.338, US1CAPC0007
US1CAPC0010,  38.84720,  -121.15840,  209.24, 4,  141.378, 1,  183.939, US1CAPC0010
US1CAPC0011,  39.06100,  -120.99110,  611.62, 4,  167.213, 2,  603.054, US1CAPC0011
US1CAPC0013,  38.85100,  -121.12300,  284.76, 4,  145.605, 2,  257.365, US1CAPC0013
US1CAPC0014,  38.84230,  -121.28370,   86.59, 4,  133.187, 1,   59.068, US1CAPC0014
US1CASA0002,  38.63500,  -121.36110,   35.50, 5,  115.748, 1,   36.878, US1CASA0002
US1CASA0003,  38.65460,  -121.09070,  184.15, 4,  133.817, 1,  179.122, US1CASA0003
US1CASA0005,  38.64290,  -121.30590,   54.03, 4,  120.149, 1,   52.093, US1CASA0005
US1CASA0007,  38.66000,  -121.13950,  124.83, 4,  129.192, 1,   89.367, US1CASA0007
US1CASA0012,  38.54990,  -121.43740,   15.88, 5,  103.418, 1,   15.263, US1CASA0012
US1CASA0015,  38.60860,  -121.41220,   19.21, 5,  107.278, 1,   18.841, US1CASA0015
US1CASA0029,  38.68230,  -121.13750,  124.83, 4,  129.192, 1,   89.367, US1CASA0029
US1CASA0030,  38.57530,  -121.34000,   29.80, 5,  111.752, 1,   27.406, US1CASA0030
US1CASC0001,  37.38480,  -122.07520,  115.59, 1,   29.884, 1,   22.122, US1CASC0001
US1CASC0003,  37.36470,  -122.00420,  150.49, 1,   38.458, 1,   59.162, US1CASC0003
US1CASC0005,  37.23240,  -121.99020,  280.33, 1,   34.725, 1,  240.178, US1CASC0005
US1CASC0007,  37.35430,  -121.79550,  342.01, 4,   49.860, 1,  195.985, US1CASC0007
US1CASC0011,  37.23410,  -121.89740,  261.59, 1,   34.725, 1,  217.023, US1CASC0011
US1CASC0012,  37.31900,  -121.78870,  342.01, 4,   49.860, 1,  195.985, US1CASC0012
US1CASC0015,  37.27480,  -122.02270,  239.81, 1,   38.494, 1,  138.161, US1CASC0015
US1CASC0018,  37.30860,  -121.92720,  179.82, 1,   41.670, 1,   53.061, US1CASC0018
US1CASC0032,  37.31850,  -121.96080,  120.43, 1,   41.129, 1,   31.196, US1CASC0032
US1CASC0040,  37.15600,  -121.98750,  332.92, 1,   27.780, 2,  450.168, US1CASC0040
US1CASF0004,  37.76500,  -122.43480,   48.16, 5,   16.467, 1,   33.446, US1CASF0004
US1CASH0006,  40.52390,  -121.79570, 1184.20, 4,  198.778, 2, 1107.447, US1CASH0006
US1CASH0009,  40.61040,  -122.38020,  294.93, 2,  156.089, 1,  113.351, US1CASH0009
US1CASH0010,  40.67210,  -122.29130,  283.04, 3,  165.370, 1,  126.730, US1CASH0010
US1CASH0011,  40.62610,  -122.35850,  304.76, 3,  160.188, 1,  128.812, US1CASH0011
US1CASH0018,  40.62350,  -122.35360,  241.36, 3,  160.446, 1,  103.206, US1CASH0018
US1CASH0021,  40.57960,  -122.37270,  241.36, 3,  160.446, 1,  103.206, US1CASH0021
US1CASJ0001,  38.06270,  -121.00790,   58.42, 4,  114.944, 1,   61.181, US1CASJ0001
US1CASJ0003,  37.99120,  -121.33330,    3.48, 5,   84.298, 1,    6.662, US1CASJ0003
US1CASJ0004,  38.03810,  -121.25470,    9.63, 5,   92.217, 1,   12.206, US1CASJ0004
US1CASJ0005,  38.13600,  -121.30440,   14.29, 5,   99.211, 1,   19.111, US1CASJ0005
US1CASJ0006,  37.94170,  -121.25850,    7.82, 5,   89.326, 1,   11.227, US1CASJ0006
US1CASJ0007,  37.73530,  -121.46990,  130.25, 1,   66.316, 1,   40.508, US1CASJ0007
US1CASK0002,  41.66510,  -122.62080, 1010.75, 2,  129.970, 2,  612.410, US1CASK0002
US1CASK0003,  41.49490,  -122.36970, 1306.94, 4,  150.913, 2,  776.143, US1CASK0003
US1CASK0005,  41.73260,  -122.64950, 1052.87, 2,  125.305, 2,  560.968, US1CASK0005
US1CASL0001,  35.38050,  -120.45250,  484.77, 4,   40.243, 2,  514.309, US1CASL0001
US1CASM0001,  37.61210,  -122.48250,   86.29, 5,    8.859, 1,  190.572, US1CASM0001
US1CASM0006,  37.54880,  -122.25870,   90.91, 1,   13.890, 1,   32.899, US1CASM0006
US1CASM0007,  37.46300,  -122.44080,   89.33, 4,    8.868, 1,   31.657, US1CASM0007
US1CASM0008,  37.49310,  -122.23990,  116.10, 1,   20.835, 1,   23.997, US1CASM0008
US1CASN0001,  38.35220,  -122.72740,  106.29, 4,   30.593, 1,   36.196, US1CASN0001
US1CASN0004,  38.73670,  -123.09820,  331.40, 3,   32.201, 2,  318.084, US1CASN0004
US1CASN0006,  38.45140,  -122.75770,  107.28, 4,   33.370, 1,   31.206, US1CASN0006
US1CASN0007,  38.38520,  -122.89280,  106.70, 5,   21.769, 1,  134.706, US1CASN0007
US1CASN0016,  38.37530,  -122.90350,  106.70, 5,   21.769, 1,  134.706, US1CASN0016
US1CASN0023,  38.53170,  -122.78000,  140.72, 3,   35.459, 1,   58.560, US1CASN0023
US1CASN0025,  38.37810,  -122.72530,  123.06, 4,   34.300, 1,   41.479, US1CASN0025
US1CASN0028,  38.47890,  -122.74400,  151.09, 4,   38.708, 1,   87.803, US1CASN0028
US1CASN0029,  38.78100,  -122.96300,  367.37, 3,   44.066, 1,  224.926, US1CASN0029
US1CASN0031,  38.36630,  -122.80370,   84.58, 5,   25.855, 1,   63.615, US1CASN0031
US1CASN0049,  38.38420,  -122.81910,   88.41, 5,   26.483, 1,   52.319, US1CASN0049
US1CASN0061,  38.46400,  -122.71500,  151.09, 4,   38.708, 1,   87.803, US1CASN0061
US1CASN0062,  38.22620,  -122.63910,  113.67, 5,   30.194, 1,   62.192, US1CASN0062
US1CASN0063,  38.55340,  -122.79290,  140.72, 3,   35.459, 1,   58.560, US1CASN0063
US1CASN0070,  38.36510,  -122.57180,  193.29, 3,   38.393, 2,  444.315, US1CASN0070
US1CASN0071,  38.33920,  -122.71130,  106.29, 4,   30.593, 1,   36.196, US1CASN0071
US1CASN0079,  38.34510,  -122.68120,  148.91, 4,   35.537, 1,   96.775, US1CASN0079
US1CASN0080,  38.37780,  -122.53430,  263.28, 3,   43.075, 1,  226.198, US1CASN0080
US1CASN0084,  38.31630,  -122.47260,  205.67, 3,   35.151, 2,  309.308, US1CASN0084
US1CASN0088,  38.36530,  -122.97380,   96.98, 3,   14.922, 1,   83.917, US1CASN0088
US1CASN0089,  38.78390,  -122.96280,  367.37, 3,   44.066, 1,  224.926, US1CASN0089
US1CASN0090,  38.47330,  -122.89740,  122.28, 3,   22.841, 1,   78.030, US1CASN0090
US1CASS0001,  37.78920,  -120.75180,   81.40, 3,  127.114, 1,   60.188, US1CASS0001
US1CAST0002,  36.83930,  -121.53750,  184.44, 4,   28.655, 1,  110.510, US1CAST0002
US1CAST0004,  36.93060,  -121.37040,  289.45, 4,   46.582, 1,  130.659, US1CAST0004
US1CAST0005,  36.84220,  -121.36500,  300.16, 4,   45.020, 1,  147.211, US1CAST0005
US1CASZ0006,  37.18110,  -122.09110,  359.80, 3,   23.600, 2,  323.136, US1CASZ0006
US1CASZ0007,  37.03960,  -122.02950,  211.61, 3,   13.890, 1,  175.121, US1CASZ0007
US1CASZ0009,  36.99610,  -121.85360,  167.99, 3,    8.891, 1,  111.630, US1CASZ0009
US1CASZ0021,  37.16930,  -122.16410,  354.84, 3,   21.559, 2,  378.116, US1CASZ0021
US1CASZ0024,  37.10510,  -122.04680,  301.01, 3,   20.835, 2,  265.137, US1CASZ0024
US1CATL0002,  36.21330,  -119.08850,  175.31, 4,  190.127, 1,   54.773, US1CATL0002
US1CATY0003,  40.63260,  -122.97770,  930.56, 3,  108.782, 2,  553.143, US1CATY0003
US1CATY0011,  40.98260,  -122.69650, 1165.47, 2,  123.544, 2,  699.655, US1CATY0011
US1CAYB0001,  39.45180,  -121.28010,  635.33, 4,  187.133, 2,  711.385, US1CAYB0001
US1CAYL0001,  38.54250,  -121.72100,   10.91, 5,   81.750, 1,   15.329, US1CAYL0001
US1CAYL0002,  38.56180,  -121.72410,   10.91, 5,   81.750, 1,   15.329, US1CAYL0002
US1CAYL0006,  38.53810,  -121.72250,   10.91, 5,   81.750, 1,   15.329, US1CAYL0006
US1CAYL0007,  38.57800,  -121.84530,   28.93, 5,   79.449, 1,   26.573, US1CAYL0007
US1CAYL0009,  38.55230,  -121.78550,   17.20, 5,   77.839, 1,   20.150, US1CAYL0009
US1CAYL0010,  38.64710,  -121.73220,   11.72, 5,   91.724, 1,   11.528, US1CAYL0010
US1NVCH0002,  39.47150,  -118.76880, 1213.58, 5,  352.384, 1,  100.907, US1NVCH0002
US1NVCH0005,  39.47120,  -118.79150, 1213.58, 5,  352.384, 1,  100.907, US1NVCH0005
US1NVDG0002,  39.03860,  -119.72130, 1644.41, 4,  258.679, 2,  631.633, US1NVDG0002
US1NVDG0004,  38.94590,  -119.84240, 1872.06, 2,  245.978, 2,  948.823, US1NVDG0004
US1NVDG0006,  39.09670,  -119.78320, 1715.37, 2,  256.812, 2,  661.281, US1NVDG0006
US1NVDG0011,  38.88310,  -119.73750, 1698.64, 1,  253.212, 2,  677.574, US1NVDG0011
US1NVLY0003,  38.94330,  -119.19160, 1487.58, 2,  296.104, 2,  447.834, US1NVLY0003
US1NVLY0009,  39.30570,  -119.55160, 1642.46, 2,  285.516, 2,  260.054, US1NVLY0009
US1NVLY0013,  38.94580,  -119.19420, 1487.58, 2,  296.104, 2,  447.834, US1NVLY0013
US1NVWH0002,  39.55730,  -119.81440, 1653.18, 2,  277.564, 2,  493.914, US1NVWH0002
US1NVWH0003,  39.39540,  -119.79000, 1713.91, 2,  274.096, 2,  543.798, US1NVWH0003
US1NVWH0004,  39.63870,  -119.68930, 1542.09, 4,  294.434, 2,  353.265, US1NVWH0004
US1NVWH0011,  39.50840,  -119.84420, 1653.18, 2,  277.564, 2,  493.914, US1NVWH0011
US1NVWH0017,  39.55930,  -119.71510, 1532.87, 4,  286.294, 2,  337.161, US1NVWH0017
US1NVWH0019,  39.51840,  -119.99350, 1865.84, 1,  268.986, 2,  778.746, US1NVWH0019
US1NVWH0025,  39.54200,  -119.89580, 1774.91, 2,  273.255, 2,  661.186, US1NVWH0025
US1NVWH0031,  39.54800,  -119.70520, 1532.87, 4,  286.294, 2,  337.161, US1NVWH0031
US1NVWH0035,  39.47360,  -119.82860, 1745.99, 2,  273.530, 2,  645.263, US1NVWH0035
US1NVWH0057,  39.59630,  -119.80860, 1545.59, 2,  285.992, 2,  485.578, US1NVWH0057
US1NVWH0059,  39.42420,  -119.80000, 1713.91, 2,  274.096, 2,  543.798, US1NVWH0059
US1NVWH0062,  39.53080,  -119.87200, 1653.18, 2,  277.564, 2,  493.914, US1NVWH0062
US1NVWH0064,  39.61150,  -119.77800, 1545.59, 2,  285.992, 2,  485.578, US1NVWH0064
US1NVWH0078,  39.47670,  -119.71600, 1583.45, 4,  282.393, 2,  432.093, US1NVWH0078
US1NVWH0079,  39.79030,  -119.89470, 1675.78, 2,  290.746, 2,  767.426, US1NVWH0079
US1NVWH0086,  39.66990,  -119.81550, 1615.69, 2,  285.967, 2,  529.898, US1NVWH0086
US1NVWH0087,  39.55650,  -119.71500, 1532.87, 4,  286.294, 2,  337.161, US1NVWH0087
US1NVWH0093,  39.57130,  -119.80010, 1545.59, 2,  285.992, 2,  485.578, US1NVWH0093
US1NVWH0096,  39.40690,  -119.73130, 1658.01, 4,  278.610, 2,  484.023, US1NVWH0096
US1NVWH0099,  39.89860,  -119.97000, 1625.24, 1,  296.213, 2,  561.032, US1NVWH0099
US1NVWH0100,  39.82940,  -119.64450, 1526.67, 2,  311.516, 1,  229.850, US1NVWH0100
US1ORCY0001,  42.07070,  -124.21020,  260.88, 3,   12.433, 1,  182.888, US1ORCY0001
US1ORCY0004,  42.73930,  -124.39870,  246.62, 4,   12.348, 2,  260.426, US1ORCY0004
US1ORCY0006,  42.65020,  -124.01710,  615.83, 4,   36.439, 2,  417.604, US1ORCY0006
US1ORCY0007,  42.50290,  -124.36580,  287.35, 4,   10.236, 2,  277.176, US1ORCY0007
US1ORCY0009,  42.40460,  -124.41810,  186.99, 4,    5.128, 1,  154.820, US1ORCY0009
US1ORDG0012,  43.30870,  -122.93960,  660.84, 4,  112.995, 2,  486.095, US1ORDG0012
US1ORJC0001,  42.26470,  -123.25770,  700.55, 1,   89.432, 2,  402.465, US1ORJC0001
US1ORJC0002,  42.17940,  -122.67640, 1112.43, 1,  135.665, 2,  462.998, US1ORJC0002
US1ORJC0005,  42.17830,  -122.68810, 1119.37, 1,  130.573, 2,  763.347, US1ORJC0005
US1ORJC0008,  42.48750,  -122.94810,  540.98, 1,  121.461, 1,  188.948, US1ORJC0008
US1ORJC0011,  42.16900,  -122.99120,  964.57, 1,  110.263, 2,  477.043, US1ORJC0011
US1ORJC0012,  42.30390,  -122.83470,  720.64, 1,  123.455, 1,  190.633, US1ORJC0012
US1ORJC0013,  42.19440,  -122.71850,  969.44, 1,  131.797, 2,  290.132, US1ORJC0013
US1ORJC0014,  42.17570,  -122.69550, 1119.37, 1,  130.573, 2,  763.347, US1ORJC0014
US1ORJC0016,  42.69800,  -122.62400,  928.42, 4,  153.852, 2,  541.118, US1ORJC0016
US1ORJC0018,  42.60890,  -122.81890,  629.21, 3,  132.928, 1,  240.347, US1ORJC0018
US1ORJC0026,  42.43340,  -122.98690,  548.59, 1,  118.494, 1,  172.270, US1ORJC0026
US1ORJC0027,  42.27630,  -123.13860,  709.02, 1,   99.006, 2,  494.265, US1ORJC0027
US1ORJC0029,  42.43350,  -123.05310,  589.31, 1,  113.821, 2,  250.769, US1ORJC0029
US1ORJC0038,  42.27420,  -122.89410,  702.26, 1,  118.521, 2,  291.712, US1ORJC0038
US1ORJC0039,  42.20340,  -122.77400,  928.77, 1,  126.764, 2,  354.420, US1ORJC0039
US1ORJS0001,  42.05250,  -123.71360,  790.29, 1,   46.966, 2,  471.803, US1ORJS0001
US1ORJS0005,  42.15730,  -123.57270,  693.06, 4,   60.422, 2,  425.835, US1ORJS0005
US1ORKL0004,  42.15680,  -121.63530, 1339.52, 5,  216.078, 2,  407.900, US1ORKL0004
US1ORKL0005,  42.20970,  -121.70690, 1353.13, 3,  213.105, 2,  524.635, US1ORKL0005
US1ORKL0014,  42.30050,  -121.40810, 1416.57, 4,  239.464, 2,  321.900, US1ORKL0014
USC00040010,  38.21780,  -121.20140,   25.11, 5,  105.874, 1,   26.209, USC00040010
USC00040029,  41.19360,  -120.94470, 1443.66, 4,  266.373, 2,  477.297, USC00040029
USC00040161,  41.49000,  -120.54360, 1429.59, 4,  301.745, 1,  167.540, USC00040161
USC00040212,  38.57310,  -122.44060,  348.24, 3,   62.742, 2,  513.791, USC00040212
USC00040232,  37.98330,  -121.75250,  102.35, 1,   51.777, 1,   62.639, USC00040232
USC00040332,  35.21110,  -118.83360,  258.77, 4,  170.907, 1,   61.840, USC00040332
USC00040343,  36.49140,  -118.82530, 1142.95, 4,  223.794, 2,  575.261, USC00040343
USC00040372,  38.41670,  -122.25000,  250.84, 3,   43.075, 2,  359.789, USC00040372
USC00040379,  37.09190,  -119.51280,  623.29, 4,  208.299, 2,  472.540, USC00040379
USC00040383,  38.90720,  -121.08390,  336.30, 4,  149.973, 2,  369.159, USC00040383
USC00040385,  38.88330,  -121.06670,  336.30, 4,  149.973, 2,  369.159, USC00040385
USC00040444,  35.41860,  -119.05080,  169.20, 4,  157.018, 1,   69.630, USC00040444
USC00040449,  36.90920,  -119.08830, 1327.64, 3,  236.805, 2,  940.054, USC00040449
USC00040673,  37.08560,  -122.07970,  303.42, 3,   17.773, 2,  280.122, USC00040673
USC00040684,  37.84280,  -118.47830, 2121.71, 4,  320.768, 2,  849.791, USC00040684
USC00040693,  37.87440,  -122.26060,   81.96, 4,   20.835, 1,   29.671, USC00040693
USC00040738,  40.74060,  -123.20780, 1015.07, 3,   86.643, 2,  702.152, USC00040738
USC00040755,  37.20640,  -119.24190, 2060.29, 4,  237.964, 2, 1960.948, USC00040755
USC00040790,  36.24720,  -121.78030,  333.92, 4,    6.945, 1,  228.402, USC00040790
USC00040819,  37.24810,  -118.58140, 3019.58, 1,  292.472, 2, 2618.204, USC00040819
USC00040820,  37.23220,  -118.59940, 3019.58, 1,  292.472, 2, 2618.204, USC00040820
USC00040823,  37.36830,  -118.36470, 1657.08, 4,  316.561, 2,  751.045, USC00040823
USC00040850,  37.31670,  -122.16670,  251.01, 1,   27.607, 2,  397.081, USC00040850
USC00040931,  39.38860,  -120.09360, 1984.99, 1,  252.059, 2, 1047.120, USC00040931
USC00040943,  38.21190,  -119.01420, 2360.32, 1,  286.238, 2, 1764.594, USC00040943
USC00041018,  39.45390,  -120.65560, 1769.36, 4,  220.251, 2, 1554.726, USC00041018
USC00041072,  38.25750,  -119.22860, 2329.82, 2,  271.810, 2, 1181.603, USC00041072
USC00041080,  40.51940,  -123.82170,  589.44, 4,   46.173, 2,  734.441, USC00041080
USC00041112,  38.76670,  -122.15000,  267.51, 2,   86.136, 1,  183.683, USC00041112
USC00041130,  39.69500,  -121.34530,  927.26, 3,  208.826, 2,  779.175, USC00041130
USC00041149,  40.86690,  -121.84640, 1138.81, 4,  198.264, 2, 1049.095, USC00041149
USC00041159,  39.93720,  -121.31470, 1365.74, 3,  215.280, 2,  972.370, USC00041159
USC00041214,  40.88030,  -121.65470, 1158.56, 1,  212.310, 2,  670.231, USC00041214
USC00041215,  40.80000,  -123.46670,  868.87, 4,   64.558, 2,  720.887, USC00041215
USC00041244,  35.40280,  -119.47000,  130.58, 1,  118.627, 1,   31.714, USC00041244
USC00041277,  38.27690,  -120.31140, 1369.87, 4,  183.381, 2, 1300.306, USC00041277
USC00041312,  38.59610,  -122.60140,  364.18, 3,   53.169, 1,  201.658, USC00041312
USC00041316,  41.31110,  -122.80450, 1506.73, 1,  114.817, 2, 1212.188, USC00041316
USC00041428,  38.24860,  -120.84330,  227.91, 4,  135.747, 1,  194.943, USC00041428
USC00041476,  41.42190,  -120.90170, 1490.15, 1,  270.812, 2,  397.438, USC00041476
USC00041497,  40.17060,  -121.08860, 1468.35, 3,  240.892, 2, 1195.580, USC00041497
USC00041534,  36.48060,  -121.72440,  441.41, 1,   23.403, 2,  287.167, USC00041534
USC00041603,  38.56420,  -123.16170,  294.99, 3,   17.635, 2,  379.974, USC00041603
USC00041606,  41.14170,  -123.13920, 1254.01, 4,   83.912, 2,  822.107, USC00041606
USC00041614,  41.53060,  -120.18030, 1596.96, 2,  332.617, 1,  166.608, USC00041614
USC00041653,  39.48330,  -121.21670,  743.32, 3,  190.010, 2,  814.764, USC00041653
USC00041697,  37.97470,  -119.91610, 1622.92, 3,  205.951, 2, 1296.195, USC00041697
USC00041700,  40.30330,  -121.24220, 1565.85, 3,  234.078, 2, 1083.621, USC00041700
USC00041715,  39.69110,  -121.82110,  100.70, 3,  171.160, 1,   43.181, USC00041715
USC00041739,  36.90030,  -121.59670,  148.91, 3,   26.214, 1,  140.606, USC00041739
USC00041806,  38.92390,  -122.56720,  541.47, 2,   73.955, 2,  443.078, USC00041806
USC00041838,  38.80000,  -123.01750,  343.06, 3,   40.394, 1,  208.488, USC00041838
USC00041864,  36.13560,  -120.36060,  340.42, 2,  100.567, 1,  176.408, USC00041864
USC00041878,  37.25030,  -119.70530,  716.77, 4,  196.516, 2,  716.526, USC00041878
USC00041886,  41.08940,  -122.70860, 1385.78, 3,  121.065, 2,  814.556, USC00041886
USC00041907,  40.40000,  -122.14330,  210.82, 4,  164.169, 1,  109.757, USC00041907
USC00041912,  39.09110,  -120.94810,  684.79, 4,  171.866, 2,  631.488, USC00041912
USC00041916,  39.33080,  -121.19220,  544.40, 4,  178.545, 2,  476.474, USC00041916
USC00041948,  39.18750,  -122.02690,   23.84, 5,  128.225, 1,   10.016, USC00041948
USC00041967,  37.98330,  -122.06920,  117.19, 1,   28.231, 1,   72.988, USC00041967
USC00041990,  41.97970,  -122.33780, 1121.33, 4,  155.857, 2,  434.896, USC00041990
USC00042012,  36.09750,  -119.58170,   62.85, 5,  144.796, 1,   11.821, USC00042012
USC00042027,  39.90000,  -122.35000,  155.31, 2,  131.068, 1,  117.991, USC00042027
USC00042081,  39.81580,  -123.24440,  794.27, 3,   57.317, 2,  547.312, USC00042081
USC00042147,  41.79580,  -124.21470,   62.52, 4,    8.662, 1,   11.399, USC00042147
USC00042148,  41.79420,  -124.08500,  253.22, 4,   17.011, 1,  183.996, USC00042148
USC00042294,  38.53500,  -121.77610,   17.20, 5,   77.839, 1,   20.150, USC00042294
USC00042331,  37.37390,  -117.98030, 1750.50, 2,  344.049, 2, 1207.254, USC00042331
USC00042338,  39.30000,  -120.83330, 1124.38, 4,  194.098, 2, 1120.279, USC00042338
USC00042346,  35.76830,  -119.26000,   96.40, 5,  150.907, 1,   28.358, USC00042346
USC00042402,  39.87170,  -121.61080,  750.80, 3,  193.346, 2,  733.710, USC00042402
USC00042456,  39.35750,  -121.20110,  544.40, 4,  178.545, 2,  476.474, USC00042456
USC00042467,  39.32390,  -120.23310, 2031.22, 2,  239.300, 2, 1334.297, USC00042467
USC00042500,  39.56330,  -120.82390, 1513.99, 3,  220.102, 2, 1168.472, USC00042500
USC00042504,  40.02670,  -120.10560, 1536.29, 1,  298.699, 2,  373.132, USC00042504
USC00042506,  39.97170,  -120.08280, 1626.58, 1,  293.630, 2,  583.510, USC00042506
USC00042574,  41.18330,  -122.27360, 1118.85, 3,  156.946, 2,  653.755, USC00042574
USC00042640,  39.35920,  -122.51780,  548.94, 2,  111.138, 2,  388.327, USC00042640
USC00042671,  38.78330,  -120.03330, 2343.08, 1,  222.958, 2, 1913.615, USC00042671
USC00042728,  38.33060,  -120.67060,  592.36, 4,  156.698, 2,  502.057, USC00042728
USC00042749,  41.98810,  -123.71830,  865.03, 1,   46.473, 2,  601.488, USC00042749
USC00042756,  37.93560,  -119.23060, 2886.34, 2,  261.941, 2, 2751.685, USC00042756
USC00042760,  38.23330,  -121.20000,   25.11, 5,  105.874, 1,   26.209, USC00042760
USC00042920,  37.58500,  -120.26720,  341.31, 4,  162.771, 2,  277.420, USC00042920
USC00042934,  38.27360,  -122.06780,  131.50, 3,   38.953, 1,   56.439, USC00042934
USC00042964,  41.00810,  -121.43500, 1100.70, 4,  231.117, 2,  501.726, USC00042964
USC00043004,  37.05060,  -122.07500,  211.32, 3,   13.088, 2,  306.107, USC00043004
USC00043038,  38.52360,  -120.70610,  636.73, 4,  157.329, 2,  628.515, USC00043038
USC00043083,  36.36420,  -120.15610,  100.69, 2,  126.790, 1,   49.070, USC00043083
USC00043113,  38.70000,  -121.16670,  148.45, 4,  133.016, 1,  122.365, USC00043113
USC00043134,  39.01000,  -120.84560,  801.04, 4,  175.480, 2,  767.104, USC00043134
USC00043157,  41.87140,  -120.15750, 1668.59, 2,  332.899, 1,  175.317, USC00043157
USC00043161,  39.50920,  -123.75670,  117.03, 4,    5.357, 1,   28.965, USC00043161
USC00043173,  41.86670,  -124.15000,  149.13, 4,   10.348, 1,   30.899, USC00043173
USC00043182,  41.60000,  -122.84780, 1091.39, 2,  109.072, 2,  593.510, USC00043182
USC00043191,  38.51500,  -123.24470,  206.22, 3,    8.819, 2,  314.147, USC00043191
USC00043244,  37.54220,  -122.01580,   68.80, 4,   21.575, 1,    9.166, USC00043244
USC00043256,  36.76720,  -119.70920,  110.13, 5,  187.603, 1,   57.401, USC00043256
USC00043261,  36.99690,  -119.70720,  196.64, 3,  190.033, 1,   82.129, USC00043261
USC00043320,  40.10000,  -123.80000,  412.10, 4,   29.782, 1,  242.586, USC00043320
USC00043357,  41.84530,  -123.96470,  525.04, 4,   25.869, 2,  379.872, USC00043357
USC00043369,  37.75190,  -119.14030, 2850.42, 2,  261.660, 2, 2524.295, USC00043369
USC00043384,  38.93310,  -120.80080,  816.88, 4,  171.579, 2,  835.721, USC00043384
USC00043417,  37.00310,  -121.56080,  251.42, 3,   36.074, 1,   96.479, USC00043417
USC00043463,  35.72690,  -118.70060, 1053.17, 4,  193.992, 2,  887.265, USC00043463
USC00043491,  39.16500,  -120.85670,  961.98, 4,  184.501, 2,  814.798, USC00043491
USC00043551,  36.73940,  -118.96310, 1449.71, 4,  231.390, 2, 1681.159, USC00043551
USC00043573,  39.20420,  -121.06810,  635.60, 4,  174.336, 2,  686.939, USC00043573
USC00043578,  38.43060,  -122.86470,   88.41, 5,   26.483, 1,   52.319, USC00043578
USC00043614,  41.55190,  -122.92360, 1151.25, 2,  103.979, 2,  604.184, USC00043614
USC00043621,  40.14080,  -120.95060, 1483.89, 3,  251.270, 2,  866.912, USC00043621
USC00043647,  40.48640,  -123.90890,  436.19, 4,   44.454, 2,  307.950, USC00043647
USC00043669,  37.84440,  -120.22580,  779.07, 4,  176.950, 2,  826.544, USC00043669
USC00043672,  37.82310,  -120.09830, 1000.12, 4,  187.860, 2,  695.971, USC00043672
USC00043710,  36.13890,  -117.95280, 1609.12, 2,  275.006, 2, 1043.138, USC00043710
USC00043714,  37.47250,  -122.44330,   89.33, 4,    8.868, 1,   31.657, USC00043714
USC00043747,  36.31580,  -119.63690,   74.93, 5,  157.535, 1,   27.540, USC00043747
USC00043761,  41.80420,  -123.37580,  885.77, 3,   65.632, 2,  440.200, USC00043761
USC00043791,  40.36360,  -122.96500, 1132.18, 2,  101.309, 2,  868.107, USC00043791
USC00043800,  39.23720,  -121.26670,  301.95, 4,  164.162, 2,  253.320, USC00043800
USC00043824,  40.93170,  -121.54330, 1126.86, 1,  222.648, 2,  625.066, USC00043824
USC00043859,  40.55250,  -123.21220, 1055.97, 1,   93.776, 2,  743.896, USC00043859
USC00043875,  38.61750,  -122.87310,  168.33, 3,   34.244, 1,   60.349, USC00043875
USC00043878,  38.63330,  -122.86670,  249.15, 3,   38.854, 1,   64.676, USC00043878
USC00043882,  35.68420,  -121.16830,  243.84, 3,    8.950, 1,  194.973, USC00043882
USC00043939,  37.96140,  -119.78310, 1930.66, 4,  216.774, 2, 1455.921, USC00043939
USC00043987,  42.00000,  -122.63330, 1163.76, 1,  131.089, 2,  710.583, USC00043987
USC00044025,  36.84830,  -121.42140,  246.35, 4,   39.536, 1,   93.961, USC00044025
USC00044074,  40.23750,  -124.13220,  378.35, 4,   14.870, 2,  347.625, USC00044074
USC00044176,  37.22750,  -119.22060, 2060.29, 4,  237.964, 2, 1960.948, USC00044176
USC00044191,  40.61610,  -123.45670,  989.91, 1,   71.561, 2,  587.595, USC00044191
USC00044232,  36.79810,  -118.20360, 1804.83, 2,  289.451, 2, 1169.444, USC00044232
USC00044278,  35.65140,  -117.82140,  941.08, 2,  267.872, 2,  506.392, USC00044278
USC00044288,  39.11810,  -120.84060,  876.95, 4,  179.913, 2,  790.320, USC00044288
USC00044374,  41.26830,  -120.29470, 1915.87, 4,  323.472, 2,  713.803, USC00044374
USC00044484,  38.80890,  -120.82080,  572.44, 4,  159.549, 2,  467.313, USC00044484
USC00044500,  37.95670,  -122.54470,   99.33, 2,   12.963, 1,   59.877, USC00044500
USC00044508,  37.68330,  -121.43330,  178.84, 1,   71.478, 1,   75.109, USC00044508
USC00044520,  35.46670,  -118.78330,  643.21, 4,  180.620, 2,  574.542, USC00044520
USC00044523,  35.78310,  -118.43890, 1519.32, 3,  217.551, 2, 1091.231, USC00044523
USC00044534,  36.00670,  -119.96000,  122.25, 2,  113.852, 1,   40.181, USC00044534
USC00044536,  36.07250,  -120.08780,  171.97, 1,  109.830, 1,  104.098, USC00044536
USC00044555,  36.20690,  -121.13780,  271.28, 2,   48.114, 1,  105.352, USC00044555
USC00044577,  41.57860,  -124.07470,  199.83, 4,    5.194, 1,  139.228, USC00044577
USC00044683,  40.89890,  -122.39140,  733.21, 3,  150.675, 2,  351.549, USC00044683
USC00044701,  39.03330,  -122.91670,  543.64, 3,   64.081, 2,  406.126, USC00044701
USC00044705,  37.21310,  -118.61360, 3019.58, 1,  292.472, 2, 2618.204, USC00044705
USC00044712,  38.49190,  -122.00390,  181.18, 2,   58.603, 1,  125.658, USC00044712
USC00044713,  39.31830,  -120.63920, 1639.53, 4,  210.492, 2, 1389.333, USC00044713
USC00044838,  41.70190,  -121.50110, 1508.09, 1,  218.369, 2,  718.912, USC00044838
USC00044881,  37.95670,  -119.11940, 2315.28, 2,  274.788, 2, 1294.830, USC00044881
USC00044890,  36.38170,  -119.02640,  376.57, 4,  206.006, 1,  136.150, USC00044890
USC00044957,  36.20330,  -119.05450,  254.72, 4,  194.989, 1,  152.086, USC00044957
USC00044997,  37.69220,  -121.76920,  244.04, 1,   39.094, 1,  177.426, USC00044997
USC00045026,  36.60440,  -118.73250, 2246.15, 4,  240.812, 2, 2229.839, USC00045026
USC00045032,  38.10610,  -121.28780,   11.92, 5,   95.526, 1,   15.170, USC00045032
USC00045100,  35.38360,  -118.41220, 1493.02, 2,  212.697, 2, 1437.123, USC00045100
USC00045118,  37.05640,  -120.86670,   73.67, 1,   93.095, 1,   29.880, USC00045118
USC00045119,  36.87500,  -120.93860,  456.96, 1,   78.151, 2,  469.320, USC00045119
USC00045120,  36.98970,  -120.92970,  168.91, 1,   85.899, 1,  110.599, USC00045120
USC00045123,  37.23190,  -121.95920,  280.33, 1,   34.725, 1,  240.178, USC00045123
USC00045125,  37.18330,  -122.03330,  343.53, 1,   26.656, 2,  471.153, USC00045125
USC00045233,  36.95390,  -120.03780,   92.60, 5,  162.452, 1,   53.215, USC00045233
USC00045280,  37.64780,  -118.96170, 2606.85, 1,  272.336, 2, 1937.830, USC00045280
USC00045311,  40.54110,  -121.57670, 1770.08, 4,  213.337, 2, 1603.127, USC00045311
USC00045338,  35.08330,  -119.38330,  464.65, 1,  119.331, 1,  190.484, USC00045338
USC00045352,  37.49500,  -119.98580,  679.11, 3,  182.547, 2,  579.549, USC00045352
USC00045356,  38.69190,  -119.78030, 2103.61, 1,  241.087, 2, 1145.413, USC00045356
USC00045360,  38.49170,  -122.12420,  260.22, 2,   55.741, 2,  469.372, USC00045360
USC00045378,  38.01310,  -122.11420,   78.57, 1,   27.352, 1,   15.961, USC00045378
USC00045385,  39.14580,  -121.58530,   24.32, 5,  143.550, 1,   16.932, USC00045385
USC00045400,  37.88500,  -119.85610, 1640.51, 4,  210.419, 2, 1228.556, USC00045400
USC00045449,  41.25140,  -122.13830, 1412.10, 3,  167.005, 2,  931.714, USC00045449
USC00045532,  37.28580,  -120.51170,   50.84, 5,  128.798, 1,   32.279, USC00045532
USC00045598,  38.72500,  -122.55140,  432.62, 2,   64.458, 2,  404.881, USC00045598
USC00045679,  40.34580,  -121.60920, 1636.16, 4,  206.192, 2, 1489.372, USC00045679
USC00045756,  35.04920,  -118.16190, 1082.06, 2,  233.154, 2,  568.247, USC00045756
USC00045779,  38.00000,  -119.15000, 2551.37, 2,  269.820, 2, 1924.898, USC00045779
USC00045795,  36.59030,  -121.91030,   89.40, 1,   11.152, 1,  107.062, USC00045795
USC00045802,  36.59280,  -121.85560,  131.36, 1,   13.890, 1,   77.545, USC00045802
USC00045853,  37.13640,  -121.60250,  398.76, 3,   39.245, 2,  326.643, USC00045853
USC00045866,  35.36690,  -120.84470,  138.45, 4,    5.665, 1,   20.937, USC00045866
USC00045915,  37.87920,  -121.93030,  219.33, 1,   39.051, 2,  475.336, USC00045915
USC00045933,  37.34360,  -121.64250,  623.94, 4,   53.423, 2,  820.656, USC00045933
USC00045941,  41.78360,  -122.04470, 1442.50, 1,  177.560, 2,  751.349, USC00045941
USC00046027,  37.89780,  -122.56890,  123.23, 3,    8.848, 2,  361.706, USC00046027
USC00046074,  38.27780,  -122.26470,  130.24, 3,   29.850, 1,   24.749, USC00046074
USC00046136,  39.24670,  -121.00080,  741.07, 4,  177.929, 2,  798.336, USC00046136
USC00046144,  37.51470,  -122.03250,   68.80, 4,   21.575, 1,    9.166, USC00046144
USC00046168,  37.28110,  -121.01780,   67.85, 2,   88.041, 1,   30.467, USC00046168
USC00046172,  37.95000,  -120.53330,  403.31, 3,  152.154, 2,  325.703, USC00046172
USC00046174,  38.00470,  -120.48640,  540.33, 4,  159.113, 2,  413.268, USC00046174
USC00046194,  38.92610,  -121.54470,   14.62, 5,  123.485, 1,   12.789, USC00046194
USC00046252,  37.23280,  -119.50970,  969.46, 3,  210.895, 2,  766.442, USC00046252
USC00046328,  41.83920,  -122.85030, 1126.18, 3,  112.349, 2,  426.061, USC00046328
USC00046329,  41.85000,  -122.88330, 1134.88, 3,  107.334, 2,  502.463, USC00046329
USC00046336,  37.79830,  -122.26420,   58.13, 4,   13.890, 1,    8.718, USC00046336
USC00046370,  38.38580,  -122.96610,  125.79, 3,   16.327, 1,  241.138, USC00046370
USC00046476,  36.61670,  -119.30000,  236.23, 4,  201.055, 1,   81.710, USC00046476
USC00046498,  41.36190,  -124.01920,  238.17, 4,   10.428, 1,  127.913, USC00046498
USC00046506,  39.74580,  -122.19970,   83.99, 2,  139.127, 1,   59.172, USC00046506
USC00046508,  41.30890,  -123.53170,  814.29, 4,   52.190, 2,  361.627, USC00046508
USC00046521,  39.51780,  -121.55310,  222.66, 4,  183.101, 1,  130.438, USC00046521
USC00046597,  38.75830,  -120.50310, 1256.48, 4,  183.303, 2, 1065.027, USC00046597
USC00046598,  37.61030,  -122.48420,   86.29, 5,    8.859, 1,  190.572, USC00046598
USC00046599,  37.59170,  -122.47170,   86.29, 5,    8.859, 1,  190.572, USC00046599
USC00046610,  36.71500,  -121.34920,  410.68, 4,   44.536, 2,  331.187, USC00046610
USC00046646,  37.44360,  -122.14030,   82.11, 1,   21.550, 1,   14.055, USC00046646
USC00046650,  36.35030,  -121.54000,  708.64, 1,   30.594, 2,  765.649, USC00046650
USC00046675,  36.60670,  -120.88420,  656.01, 2,   84.719, 2,  552.077, USC00046675
USC00046685,  39.75390,  -121.62420,  579.53, 3,  192.809, 2,  570.644, USC00046685
USC00046726,  39.88750,  -122.55390,  360.17, 2,  115.471, 1,  211.392, USC00046726
USC00046730,  35.62780,  -120.68560,  315.95, 4,   39.627, 1,  221.865, USC00046730
USC00046826,  38.25780,  -122.60780,  145.72, 3,   32.251, 1,  154.989, USC00046826
USC00046896,  36.82110,  -119.33750,  455.13, 3,  216.298, 2,  252.365, USC00046896
USC00046926,  36.48190,  -121.18220,  458.43, 3,   65.385, 2,  457.038, USC00046926
USC00046943,  35.15970,  -120.68310,  165.82, 4,    8.972, 1,   88.725, USC00046943
USC00046944,  41.00000,  -121.50000, 1066.59, 1,  221.567, 2,  542.515, USC00046944
USC00046946,  40.98690,  -121.97720,  883.16, 3,  185.279, 2,  555.578, USC00046946
USC00046960,  38.69560,  -120.82440,  525.38, 4,  156.085, 2,  481.050, USC00046960
USC00046962,  38.73330,  -120.73330,  756.46, 4,  165.666, 2,  716.397, USC00046962
USC00047009,  38.90000,  -123.70000,   78.48, 4,    5.404, 1,   31.541, USC00047009
USC00047077,  36.06780,  -119.02000,  192.92, 4,  188.568, 1,   83.150, USC00047077
USC00047085,  39.80530,  -120.47190, 1678.24, 3,  256.663, 2, 1063.946, USC00047085
USC00047096,  35.80000,  -118.63330, 1311.95, 4,  201.746, 2, 1221.866, USC00047096
USC00047109,  39.36190,  -123.12860,  579.42, 3,   59.513, 2,  418.206, USC00047109
USC00047150,  36.18830,  -120.69530,  768.02, 3,   78.633, 2,  788.563, USC00047150
USC00047195,  39.93670,  -120.94750, 1462.42, 1,  242.547, 2, 1320.478, USC00047195
USC00047253,  35.36920,  -117.65250,  965.22, 1,  279.387, 2,  816.464, USC00047253
USC00047293,  40.16220,  -122.22030,  129.56, 5,  149.239, 1,   51.463, USC00047293
USC00047298,  40.51940,  -122.29890,  188.74, 3,  161.215, 1,   89.519, USC00047298
USC00047300,  40.55000,  -122.38330,  246.93, 2,  152.227, 1,   98.197, USC00047300
USC00047339,  37.47670,  -122.23860,  116.10, 1,   20.835, 1,   23.997, USC00047339
USC00047370,  38.69440,  -121.16110,  148.45, 4,  133.016, 1,  122.365, USC00047370
USC00047404,  40.02610,  -123.79310,  422.13, 4,   25.421, 2,  311.577, USC00047404
USC00047414,  37.91920,  -122.37720,   52.84, 5,   13.890, 1,   17.323, USC00047414
USC00047581,  40.79560,  -121.93500,  957.06, 4,  194.848, 2,  768.803, USC00047581
USC00047641,  39.43170,  -120.24060, 2009.26, 2,  243.529, 2, 1346.744, USC00047641
USC00047643,  38.50670,  -122.47140,  319.29, 3,   55.827, 1,  184.420, USC00047643
USC00047646,  38.49310,  -122.53830,  300.20, 3,   49.824, 2,  504.537, USC00047646
USC00047668,  36.65940,  -121.66640,  135.12, 1,   18.094, 1,   14.275, USC00047668
USC00047672,  35.33720,  -120.50390,  428.60, 4,   32.580, 2,  397.503, USC00047672
USC00047689,  38.50060,  -120.21890, 1894.20, 4,  198.727, 2, 1637.188, USC00047689
USC00047731,  36.43750,  -121.70920,  560.51, 1,   22.358, 2,  537.577, USC00047731
USC00047767,  37.72810,  -122.50530,   46.41, 5,    5.494, 1,   21.290, USC00047767
USC00047807,  37.31170,  -122.36170,  182.93, 4,   11.052, 1,  166.977, USC00047807
USC00047821,  37.34970,  -121.90330,  137.75, 4,   44.326, 1,   25.097, USC00047821
USC00047846,  37.05330,  -121.05780,  197.82, 1,   77.354, 1,  185.805, USC00047846
USC00047851,  35.30560,  -120.66190,  252.88, 4,   21.594, 1,  116.308, USC00047851
USC00047880,  37.99830,  -122.53720,   99.33, 2,   12.963, 1,   59.877, USC00047880
USC00047916,  36.99060,  -121.99110,  124.76, 3,    6.945, 1,   38.108, USC00047916
USC00047933,  35.37420,  -120.63750,  310.28, 4,   22.660, 2,  383.026, USC00047933
USC00047965,  38.43810,  -122.69780,  151.09, 4,   38.708, 1,   87.803, USC00047965
USC00048025,  41.30110,  -123.13310, 1259.81, 4,   83.504, 2,  966.381, USC00048025
USC00048045,  40.48310,  -124.10360,  336.30, 1,   29.825, 1,  199.124, USC00048045
USC00048122,  35.48670,  -119.14580,  140.99, 4,  147.731, 1,   56.106, USC00048122
USC00048135,  40.71420,  -122.41610,  457.88, 2,  153.848, 2,  256.828, USC00048135
USC00048163,  40.03310,  -124.07280,  226.39, 3,    5.318, 1,  158.670, USC00048163
USC00048207,  39.56780,  -120.62280, 1886.31, 4,  234.028, 2, 1391.175, USC00048207
USC00048218,  39.58330,  -120.37060, 1829.78, 1,  249.058, 2, 1012.676, USC00048218
USC00048273,  37.31330,  -122.18500,  251.01, 1,   27.607, 2,  397.081, USC00048273
USC00048351,  38.29940,  -122.46220,  142.05, 3,   28.312, 1,   35.928, USC00048351
USC00048353,  37.96720,  -120.38720,  561.56, 4,  162.856, 2,  502.236, USC00048353
USC00048380,  37.51220,  -119.63310, 1666.35, 4,  210.857, 2, 1295.732, USC00048380
USC00048406,  37.16830,  -118.57060, 3202.93, 2,  288.207, 2, 3167.254, USC00048406
USC00048446,  36.63110,  -121.67140,  135.12, 1,   18.094, 1,   14.275, USC00048446
USC00048490,  39.87780,  -123.72750,  522.42, 4,   21.186, 2,  500.649, USC00048490
USC00048560,  37.99940,  -121.31780,    3.48, 5,   84.298, 1,    6.662, USC00048560
USC00048580,  39.37530,  -122.54610,  507.47, 2,  113.028, 2,  336.238, USC00048580
USC00048587,  39.58610,  -122.53420,  407.46, 2,  112.385, 2,  259.465, USC00048587
USC00048606,  39.56310,  -121.10780, 1170.25, 3,  207.504, 2, 1096.705, USC00048606
USC00048702,  40.41670,  -120.66310, 1586.44, 2,  283.701, 2,  532.921, USC00048702
USC00048713,  38.37720,  -120.80080,  431.44, 4,  147.856, 2,  430.812, USC00048713
USC00048752,  35.15030,  -119.43000,  312.23, 1,  119.488, 1,  170.458, USC00048752
USC00048758,  39.16780,  -120.14280, 2067.58, 2,  231.966, 2, 1454.574, USC00048758
USC00048760,  39.06000,  -120.12920, 2118.04, 1,  224.935, 2, 1627.363, USC00048760
USC00048826,  35.13330,  -118.45000, 1348.03, 4,  204.605, 2, 1067.260, USC00048826
USC00048829,  35.10110,  -118.42220, 1406.33, 2,  210.247, 2, 1154.175, USC00048829
USC00048839,  35.02330,  -118.74970,  927.14, 4,  181.976, 2,  448.061, USC00048839
USC00048873,  40.86670,  -120.43330, 1711.25, 5,  317.062, 2,  535.127, USC00048873
USC00048917,  36.46500,  -118.86190, 1142.95, 4,  223.794, 2,  575.261, USC00048917
USC00048928,  38.44610,  -120.49920, 1147.74, 4,  175.921, 2, 1021.898, USC00048928
USC00048999,  37.68190,  -121.34670,  117.54, 1,   76.976, 1,   41.837, USC00048999
USC00049001,  37.79670,  -121.58280,  131.74, 1,   56.665, 1,   63.734, USC00049001
USC00049026,  40.72640,  -122.79470,  925.11, 3,  122.677, 2,  673.458, USC00049026
USC00049035,  35.76360,  -117.39080,  848.33, 3,  309.456, 2,  536.810, USC00049035
USC00049040,  39.31810,  -120.14500, 1995.23, 1,  243.619, 2, 1150.844, USC00049040
USC00049043,  39.33310,  -120.17300, 1995.23, 1,  243.619, 2, 1150.844, USC00049043
USC00049053,  41.96000,  -121.47440, 1281.67, 5,  226.545, 2,  316.025, USC00049053
USC00049073,  37.50060,  -120.85500,   36.79, 5,  116.887, 1,   30.519, USC00049073
USC00049105,  38.70860,  -120.04030, 2385.98, 4,  220.541, 2, 2115.095, USC00049105
USC00049122,  39.14670,  -123.21030,  451.11, 3,   48.984, 2,  271.473, USC00049122
USC00049124,  39.12670,  -123.27190,  461.10, 3,   43.658, 2,  544.882, USC00049124
USC00049167,  39.18330,  -123.03330,  598.97, 4,   65.025, 2,  725.664, USC00049167
USC00049173,  39.19060,  -122.89640,  750.61, 3,   76.663, 2,  668.995, USC00049173
USC00049177,  40.25000,  -124.18330,  378.35, 4,   14.870, 2,  347.625, USC00049177
USC00049185,  37.77190,  -122.16750,  128.70, 4,   14.937, 1,  182.940, USC00049185
USC00049200,  38.39560,  -121.96080,   96.79, 2,   56.526, 1,   58.271, USC00049200
USC00049219,  38.10000,  -122.18690,   74.04, 5,   22.948, 1,  102.795, USC00049219
USC00049273,  38.60860,  -123.01810,  256.54, 3,   23.500, 2,  343.768, USC00049273
USC00049298,  39.52140,  -120.02690, 1915.05, 1,  264.759, 2, 1021.757, USC00049298
USC00049351,  39.80560,  -120.18580, 1690.63, 1,  275.059, 2,  745.508, USC00049351
USC00049367,  36.32780,  -119.29940,  108.29, 5,  183.768, 1,   48.982, USC00049367
USC00049390,  40.45830,  -121.86640,  919.05, 4,  191.165, 2,  824.342, USC00049390
USC00049440,  38.71610,  -122.99750,  292.09, 3,   38.357, 1,  116.924, USC00049440
USC00049452,  35.58920,  -119.35190,   98.26, 5,  136.452, 1,   41.800, USC00049452
USC00049473,  36.93080,  -121.76920,   98.91, 3,   11.107, 1,   17.334, USC00049473
USC00049490,  40.73670,  -122.94030,  957.91, 3,  107.171, 2,  734.277, USC00049490
USC00049499,  41.43330,  -122.38330, 1362.98, 1,  145.850, 2,  772.088, USC00049499
USC00049560,  36.22720,  -119.99670,   80.22, 5,  127.558, 1,   36.601, USC00049560
USC00049582,  38.37750,  -120.54530,  914.67, 4,  168.908, 2,  764.980, USC00049582
USC00049621,  40.61170,  -122.52810,  524.44, 2,  146.235, 2,  322.295, USC00049621
USC00049671,  36.26560,  -117.18530, 1481.56, 4,  347.520, 2, 1489.663, USC00049671
USC00049677,  39.15000,  -122.15000,   55.36, 2,  120.203, 1,   20.027, USC00049677
USC00049684,  39.41940,  -123.34250,  549.21, 3,   45.084, 2,  426.714, USC00049684
USC00049694,  40.94670,  -123.63640,  710.98, 1,   47.195, 2,  379.377, USC00049694
USC00049699,  39.52310,  -122.30580,   94.91, 2,  133.911, 1,   46.735, USC00049699
USC00049742,  38.52530,  -121.97780,   99.26, 2,   67.403, 1,   44.534, USC00049742
USC00049775,  38.78330,  -119.80000, 1986.41, 2,  243.283, 2,  992.805, USC00049775
USC00049781,  38.68280,  -121.79390,   18.24, 5,   88.262, 1,   21.350, USC00049781
USC00049792,  37.42860,  -122.25610,  204.55, 1,   17.955, 2,  424.967, USC00049792
USC00049814,  37.13330,  -121.95000,  332.92, 1,   27.780, 2,  450.168, USC00049814
USC00049851,  38.90530,  -123.23140,  440.65, 3,   35.224, 2,  492.135, USC00049851
USC00049855,  37.75000,  -119.58970, 2192.84, 4,  223.420, 2, 1692.812, USC00049855
USC00049859,  38.39500,  -122.35670,  229.64, 3,   42.026, 1,   74.426, USC00049859
USC00049866,  41.70360,  -122.64080, 1052.87, 2,  125.305, 2,  560.968, USC00049866
USC00261485,  39.12530,  -119.76780, 1742.21, 2,  259.990, 2,  659.902, USC00261485
USC00262119,  38.97830,  -119.89140, 2018.57, 2,  241.066, 2, 1584.601, USC00262119
USC00262394,  41.86780,  -119.01470, 1677.92, 2,  425.922, 2,  298.891, USC00262394
USC00262431,  37.61500,  -118.01060, 1994.10, 2,  349.340, 2,  923.240, USC00262431
USC00262780,  39.45720,  -118.78110, 1213.58, 5,  352.384, 1,  100.907, USC00262780
USC00262948,  38.86940,  -117.92300, 1703.77, 4,  398.741, 2,  518.238, USC00262948
USC00263090,  40.65170,  -119.35780, 1363.52, 2,  392.813, 1,   50.399, USC00263090
USC00263205,  39.07530,  -119.94110, 2002.97, 2,  242.462, 2, 1219.574, USC00263205
USC00263285,  37.70810,  -117.23310, 1708.43, 2,  421.898, 2, 1024.673, USC00263285
USC00263512,  38.52360,  -118.62780, 1699.45, 2,  326.340, 1,  176.676, USC00263512
USC00263515,  38.55000,  -118.66670, 1699.45, 2,  326.340, 1,  176.676, USC00263515
USC00264349,  39.46890,  -119.06440, 1335.61, 2,  328.480, 1,  199.390, USC00264349
USC00264527,  41.51670,  -118.71920, 1571.30, 3,  452.072, 1,  217.669, USC00264527
USC00265168,  38.38440,  -118.10560, 1720.07, 4,  370.504, 1,  238.896, USC00265168
USC00265191,  38.95470,  -119.77580, 1709.17, 2,  250.912, 2,  644.721, USC00265191
USC00265194,  39.02000,  -119.70890, 1644.41, 4,  258.679, 2,  631.633, USC00265194
USC00266791,  39.56830,  -119.79560, 1545.59, 2,  285.992, 2,  485.578, USC00266791
USC00267463,  37.76170,  -117.56580, 1531.05, 2,  391.807, 2,  492.124, USC00267463
USC00267612,  38.88220,  -119.35110, 1630.67, 2,  283.609, 2,  372.748, USC00267612
USC00267618,  40.60440,  -119.74750, 1335.20, 3,  365.601, 1,   32.562, USC00267618
USC00267620,  38.78390,  -117.17390, 1931.56, 2,  459.233, 2,  447.538, USC00267620
USC00267691,  39.63720,  -119.70940, 1542.09, 4,  294.434, 2,  353.265, USC00267691
USC00267693,  39.52360,  -119.73860, 1532.87, 4,  286.294, 2,  337.161, USC00267693
USC00267697,  39.55580,  -119.73330, 1532.87, 4,  286.294, 2,  337.161, USC00267697
USC00267806,  38.96670,  -119.95000, 2069.33, 1,  236.177, 2, 1276.719, USC00267806
USC00267820,  39.62530,  -119.88360, 1683.25, 2,  281.794, 2,  587.070, USC00267820
USC00267953,  39.95080,  -119.59860, 1391.67, 2,  324.531, 1,   49.311, USC00267953
USC00268160,  38.06940,  -117.23550, 1757.75, 4,  433.287, 2,  768.391, USC00268160
USC00268186,  38.69440,  -119.54530, 1928.55, 2,  261.831, 2,  780.333, USC00268186
USC00268202,  38.74560,  -119.51000, 1928.55, 2,  261.831, 2,  780.333, USC00268202
USC00268761,  39.31280,  -119.64830, 1695.22, 4,  279.560, 2,  970.460, USC00268761
USC00268822,  39.07470,  -119.11890, 1393.92, 2,  311.065, 1,  177.952, USC00268822
USC00268838,  39.69140,  -119.29000, 1443.59, 2,  328.972, 1,  236.959, USC00268838
USC00269229,  38.99920,  -119.15750, 1447.38, 1,  301.196, 1,  222.204, USC00269229
USC00350036,  42.17610,  -119.89610, 1591.19, 2,  357.118, 1,  165.256, USC00350036
USC00350118,  42.96940,  -119.99330, 1477.30, 4,  358.565, 2,  335.840, USC00350118
USC00350217,  42.24610,  -123.17640,  784.50, 1,   96.833, 2,  573.299, USC00350217
USC00350304,  42.21280,  -122.71440,  969.44, 1,  131.797, 2,  290.132, USC00350304
USC00350854,  42.43330,  -121.10000, 1488.78, 4,  266.889, 1,  236.340, USC00350854
USC00350856,  42.22080,  -120.57920, 1690.60, 3,  302.668, 2,  556.465, USC00350856
USC00351055,  42.03000,  -124.24530,  186.09, 4,    8.653, 1,  164.526, USC00351055
USC00351058,  42.04640,  -124.28780,  123.10, 3,    5.159, 1,   47.793, USC00351058
USC00351149,  42.18000,  -122.98530,  964.57, 1,  110.263, 2,  477.043, USC00351149
USC00351207,  42.53780,  -122.55250,  969.92, 4,  156.924, 2,  512.166, USC00351207
USC00351448,  42.15970,  -123.64220,  675.55, 1,   55.611, 2,  342.748, USC00351448
USC00351546,  43.22920,  -121.78940, 1544.44, 1,  208.927, 2,  575.797, USC00351546
USC00351574,  42.70360,  -121.99530, 1445.19, 3,  204.767, 2,  626.451, USC00351574
USC00351946,  42.89670,  -122.13280, 1823.15, 4,  187.922, 2, 1380.217, USC00351946
USC00353029,  43.35720,  -121.05170, 1308.02, 1,  267.756, 1,   55.158, USC00353029
USC00353095,  43.39360,  -121.21220, 1277.99, 1,  252.228, 1,  209.282, USC00353095
USC00353232,  42.20500,  -121.13140, 1504.75, 4,  257.620, 2,  361.592, USC00353232
USC00353356,  42.40360,  -124.42420,  186.99, 4,    5.128, 1,  154.820, USC00353356
USC00353445,  42.42440,  -123.32360,  533.26, 1,   91.221, 1,  195.002, USC00353445
USC00353509,  42.12580,  -122.54500, 1226.20, 4,  145.863, 2,  787.195, USC00353509
USC00353692,  42.54830,  -119.65560, 1697.24, 1,  385.470, 2,  497.295, USC00353692
USC00354060,  42.22920,  -122.38140, 1392.71, 4,  157.078, 2, 1010.268, USC00354060
USC00354126,  43.37080,  -122.96530,  636.71, 4,  111.866, 2,  319.780, USC00354126
USC00354133,  42.62860,  -124.05750,  615.83, 4,   36.439, 2,  417.604, USC00354133
USC00354403,  42.09440,  -121.90220, 1337.02, 2,  194.360, 2,  592.361, USC00354403
USC00354501,  42.24140,  -121.80780, 1338.02, 3,  207.997, 2,  472.794, USC00354501
USC00354506,  42.20080,  -121.78140, 1338.02, 3,  207.997, 2,  472.794, USC00354506
USC00354633,  42.45000,  -122.56670,  859.36, 4,  149.569, 2,  469.349, USC00354633
USC00354634,  42.39030,  -122.62580,  782.21, 4,  142.349, 2,  339.562, USC00354634
USC00354670,  42.24140,  -120.36780, 1647.33, 4,  322.821, 2,  370.941, USC00354670
USC00354835,  43.35970,  -122.22080, 1424.27, 1,  172.105, 2,  784.799, USC00354835
USC00354939,  43.23310,  -122.98720,  705.03, 4,  114.535, 2,  412.956, USC00354939
USC00355055,  42.67220,  -122.67500,  805.69, 4,  148.354, 2,  361.816, USC00355055
USC00355174,  42.00780,  -121.31860, 1374.05, 4,  237.941, 2,  446.132, USC00355174
USC00355424,  42.29610,  -122.87000,  720.64, 1,  123.455, 1,  190.633, USC00355424
USC00356426,  42.69220,  -120.54030, 1472.58, 1,  319.035, 1,   79.288, USC00356426
USC00356795,  42.73860,  -124.40330,  246.62, 4,   12.348, 2,  260.426, USC00356795
USC00356907,  42.73420,  -122.51640,  995.32, 4,  158.939, 2,  501.283, USC00356907
USC00357354,  42.34140,  -120.88940, 1637.00, 4,  281.102, 2,  299.828, USC00357354
USC00357391,  42.22310,  -123.04720,  797.75, 1,  106.748, 2,  372.011, USC00357391
USC00357668,  42.27830,  -123.64610,  701.22, 2,   62.121, 2,  558.694, USC00357668
USC00357817,  43.12440,  -121.06200, 1460.39, 1,  271.166, 1,  120.824, USC00357817
USC00358007,  42.43060,  -121.48920, 1428.89, 4,  236.602, 2,  474.424, USC00358007
USC00358173,  42.95920,  -120.78970, 1511.55, 2,  293.761, 1,  185.927, USC00358173
USC00358420,  43.26440,  -120.94470, 1342.77, 1,  273.376, 1,   74.442, USC00358420
USC00358536,  43.27500,  -122.44970, 1135.34, 4,  152.867, 2,  497.653, USC00358536
USC00358812,  42.48440,  -120.28220, 1604.32, 1,  333.798, 1,  110.785, USC00358812
USC00359390,  42.22830,  -123.28580,  827.61, 1,   87.010, 2,  328.154, USC00359390
USS0019K04S,  39.16000,  -119.90000, 2005.94, 2,  250.527, 2, 1542.701, USS0019K04S
USS0019K07S,  39.32000,  -119.89000, 2111.06, 2,  261.308, 2, 1846.828, USS0019K07S
USS0019K08S,  39.46000,  -119.94000, 1971.78, 1,  264.814, 2, 1172.281, USS0019K08S
USS0019L03S,  38.85000,  -119.94000, 2275.11, 1,  230.559, 2, 1793.932, USS0019L03S
USS0019L05S,  38.61000,  -119.92000, 2410.89, 2,  226.749, 2, 1951.098, USS0019L05S
USS0019L06S,  38.51000,  -119.63000, 2395.37, 1,  244.267, 2, 1673.578, USS0019L06S
USS0019L07S,  38.31000,  -119.60000, 2759.28, 1,  240.201, 2, 2340.932, USS0019L07S
USS0019L08S,  38.30000,  -119.55000, 2714.34, 1,  245.447, 2, 1979.984, USS0019L08S
USS0019L13S,  38.07000,  -119.23000, 2573.44, 2,  267.579, 2, 1941.587, USS0019L13S
USS0019L17S,  38.44000,  -119.37000, 2445.16, 1,  267.229, 2, 1997.626, USS0019L17S
USS0019L19S,  38.55000,  -119.80000, 2447.05, 1,  234.280, 2, 2148.331, USS0019L19S
USS0019L24S,  38.92000,  -119.92000, 2109.83, 2,  238.234, 2, 1911.932, USS0019L24S
USS0019L38S,  38.28000,  -119.61000, 2759.28, 1,  240.201, 2, 2340.932, USS0019L38S
USS0019L39S,  38.67000,  -119.82000, 2314.25, 2,  233.866, 2, 1643.862, USS0019L39S
USS0019L40S,  38.67000,  -119.61000, 2051.44, 2,  254.751, 2, 1440.426, USS0019L40S
USS0020G02S,  42.70000,  -120.80000, 1762.32, 1,  299.268, 2,  560.515, USS0020G02S
USS0020G06S,  42.32000,  -120.83000, 1708.75, 4,  286.060, 2,  421.893, USS0020G06S
USS0020G09S,  42.13000,  -120.84000, 1671.24, 4,  281.094, 2,  548.302, USS0020G09S
USS0020G12S,  42.64000,  -120.95000, 1777.93, 4,  282.689, 2,  628.850, USS0020G12S
USS0020H02S,  41.89000,  -120.75000, 1589.80, 3,  281.922, 2,  429.594, USS0020H02S
USS0020H06S,  41.58000,  -120.30000, 1747.11, 2,  321.999, 2,  907.238, USS0020H06S
USS0020H12S,  41.99000,  -120.18000, 1846.58, 2,  334.024, 2, 1005.039, USS0020H12S
USS0020H13S,  41.24000,  -120.79000, 1666.28, 4,  282.030, 2,  911.803, USS0020H13S
USS0020K03S,  39.49000,  -120.28000, 2035.78, 1,  243.765, 2, 1485.034, USS0020K03S
USS0020K04S,  39.45000,  -120.29000, 2035.78, 1,  243.765, 2, 1485.034, USS0020K04S
USS0020K05S,  39.43000,  -120.31000, 2076.13, 2,  239.334, 2, 1592.293, USS0020K05S
USS0020K13S,  39.30000,  -120.18000, 2034.04, 1,  239.597, 2, 1353.882, USS0020K13S
USS0020K25S,  39.14000,  -120.22000, 2104.30, 4,  227.413, 2, 1708.179, USS0020K25S
USS0020K27S,  39.17000,  -120.15000, 2067.58, 2,  231.966, 2, 1454.574, USS0020K27S
USS0020K30S,  39.19000,  -120.26000, 2099.97, 4,  226.801, 2, 1881.560, USS0020K30S
USS0020K31S,  39.33000,  -120.37000, 2120.01, 2,  230.800, 2, 1809.093, USS0020K31S
USS0020L02S,  39.00000,  -120.13000, 2176.80, 1,  221.662, 2, 1983.639, USS0020L02S
USS0020L06S,  38.85000,  -120.08000, 2260.95, 1,  220.590, 2, 1928.789, USS0020L06S
USS0020L10S,  38.93000,  -120.05000, 2180.19, 1,  228.350, 2, 1429.934, USS0020L10S
USS0021F12S,  42.96000,  -121.18000, 1631.31, 1,  264.011, 2,  429.163, USS0021F12S
USS0021F22S,  43.23000,  -121.81000, 1544.44, 1,  208.927, 2,  575.797, USS0021F22S
USS0021G03S,  42.69000,  -121.43000, 1573.64, 4,  250.385, 2,  398.442, USS0021G03S
USS0021G04S,  42.21000,  -121.13000, 1504.75, 4,  257.620, 2,  361.592, USS0021G04S
USS0022F14S,  43.45000,  -122.14000, 1016.51, 1,  176.407, 2, 1068.355, USS0022F14S
USS0022F18S,  43.19000,  -122.14000, 1653.02, 4,  178.940, 2,  936.508, USS0022F18S
USS0022F45S,  43.23000,  -122.43000, 1272.97, 4,  159.014, 2,  652.819, USS0022F45S
USS0022G12S,  42.44000,  -122.23000, 1650.29, 2,  178.587, 2, 1201.243, USS0022G12S
USS0022G13S,  42.41000,  -122.27000, 1591.50, 4,  171.690, 2, 1211.537, USS0022G13S
USS0022G14S,  42.38000,  -122.35000, 1469.38, 4,  166.762, 2, 1106.431, USS0022G14S
USS0022G21S,  42.05000,  -122.85000, 1376.32, 1,  118.908, 2, 1508.560, USS0022G21S
USS0022G24S,  42.53000,  -122.18000, 1620.93, 2,  185.621, 2, 1327.016, USS0022G24S
USS0022G33S,  42.70000,  -122.14000, 1666.17, 2,  189.484, 2, 1186.150, USS0022G33S
USS0023G09S,  42.72000,  -123.20000,  808.11, 4,  103.091, 2,  975.902, USS0023G09S
USS0023G15S,  42.08000,  -123.34000, 1178.41, 1,   78.615, 2, 1420.395, USS0023G15S
USW00004139,  41.84830,  -119.63580, 1819.73, 5,  374.229, 2,  627.274, USW00004139
USW00004222,  40.65080,  -122.60670,  737.35, 2,  139.521, 2,  434.429, USW00004222
USW00023110,  36.33330,  -119.95000,   71.38, 5,  137.692, 1,   28.293, USW00023110
USW00023153,  38.05110,  -117.09030, 1471.92, 2,  441.618, 2,  591.214, USW00023153
USW00023155,  35.43440,  -119.05420,  169.20, 4,  157.018, 1,   69.630, USW00023155
USW00023157,  37.37110,  -118.35810, 1657.08, 4,  316.561, 2,  751.045, USW00023157
USW00023185,  39.48390,  -119.77110, 1621.47, 2,  277.944, 2,  390.671, USW00023185
USW00023202,  38.26670,  -121.93330,   29.63, 5,   51.773, 1,   19.000, USW00023202
USW00023213,  38.50390,  -122.81030,  140.72, 3,   35.459, 1,   58.560, USW00023213
USW00023225,  39.27750,  -120.71030, 1390.56, 4,  201.823, 2, 1301.816, USW00023225
USW00023230,  37.72140,  -122.22080,   55.14, 4,    6.945, 1,    4.872, USW00023230
USW00023232,  38.50690,  -121.49500,    9.85, 5,   98.863, 1,   11.454, USW00023232
USW00023233,  36.66360,  -121.60810,  180.75, 4,   23.334, 1,   25.203, USW00023233
USW00023234,  37.61970,  -122.36470,   75.00, 1,    8.859, 1,   16.753, USW00023234
USW00023237,  37.88920,  -121.22580,   11.76, 5,   92.113, 1,   12.526, USW00023237
USW00023239,  37.73330,  -122.31670,   37.84, 5,    8.857, 1,    8.633, USW00023239
USW00023244,  37.40580,  -122.04810,   85.60, 1,   32.322, 1,   14.168, USW00023244
USW00023254,  37.99170,  -122.05500,  118.27, 1,   33.563, 1,   30.110, USW00023254
USW00023257,  37.28470,  -120.51280,   50.84, 5,  128.798, 1,   32.279, USW00023257
USW00023258,  37.62420,  -120.95060,   27.85, 5,  110.230, 1,   23.642, USW00023258
USW00023259,  36.58810,  -121.84530,  131.36, 1,   13.890, 1,   77.545, USW00023259
USW00023271,  38.55560,  -121.41690,   15.88, 5,  103.418, 1,   15.263, USW00023271
USW00023272,  37.77060,  -122.42690,   48.16, 5,   16.467, 1,   33.446, USW00023272
USW00023275,  39.12580,  -123.20080,  451.11, 3,   48.984, 2,  271.473, USW00023275
USW00023277,  36.93580,  -121.78860,   98.91, 3,   11.107, 1,   17.334, USW00023277
USW00023285,  37.69280,  -121.81440,  233.49, 1,   33.699, 1,  173.345, USW00023285
USW00023293,  37.35920,  -121.92390,  137.75, 4,   44.326, 1,   25.097, USW00023293
USW00024172,  40.06810,  -118.56920, 1316.67, 3,  400.847, 1,  150.732, USW00024172
USW00024213,  40.80970,  -124.16030,   81.35, 4,   10.518, 1,   29.296, USW00024213
USW00024215,  41.33250,  -122.33280, 1456.00, 4,  151.204, 2,  909.721, USW00024215
USW00024216,  40.15190,  -122.25360,  138.06, 5,  144.308, 1,   76.417, USW00024216
USW00024225,  42.38110,  -122.87220,  524.70, 1,  127.949, 1,  129.229, USW00024225
USW00024235,  42.60030,  -123.36420,  622.21, 4,   92.028, 2,  469.900, USW00024235
USW00024257,  40.51750,  -122.29860,  188.74, 3,  161.215, 1,   89.519, USW00024257
USW00024259,  41.78060,  -122.47170,  906.93, 4,  141.572, 2,  410.308, USW00024259
USW00024283,  40.97810,  -124.10860,  136.20, 4,   10.488, 1,   74.341, USW00024283
USW00024286,  41.78030,  -124.23670,   62.52, 4,    8.662, 1,   11.399, USW00024286
USW00053119,  36.31890,  -119.62890,   74.93, 5,  157.535, 1,   27.540, USW00053119
USW00053139,  36.60190,  -117.14500,  461.76, 1,  361.565, 1,  108.234, USW00053139
USW00053150,  37.75920,  -119.82080, 1493.18, 4,  206.516, 2, 1478.984, USW00053150
USW00093102,  39.41670,  -118.71670, 1217.62, 5,  354.296, 1,   91.420, USW00093102
USW00093104,  35.68750,  -117.69310,  775.23, 1,  278.896, 2,  426.347, USW00093104
USW00093193,  36.78000,  -119.71940,  110.13, 5,  187.603, 1,   57.401, USW00093193
USW00093205,  39.10190,  -121.56780,   19.18, 5,  137.560, 1,   14.839, USW00093205
USW00093206,  35.23720,  -120.64140,  191.47, 4,   15.006, 1,   81.862, USW00093206
USW00093209,  35.66970,  -120.62830,  315.95, 4,   39.627, 1,  221.865, USW00093209
USW00093210,  39.49000,  -121.61830,   98.69, 4,  174.563, 1,   38.834, USW00093210
USW00093225,  38.69560,  -121.58970,    7.57, 5,  104.143, 1,    8.281, USW00093225
USW00093226,  35.66560,  -121.28470,  125.51, 3,    5.643, 1,   41.798, USW00093226
USW00093227,  38.21030,  -122.28470,   82.14, 3,   23.526, 1,   14.195, USW00093227
USW00093228,  37.65420,  -122.11500,   91.11, 4,   10.997, 1,   25.079, USW00093228
USW00093230,  38.89830,  -119.99470, 2166.97, 1,  233.281, 2, 1392.549, USW00093230
USW00093241,  38.37750,  -121.95750,   96.79, 2,   56.526, 1,   58.271, USW00093241
USW00093242,  36.98780,  -120.11060,   82.85, 5,  156.944, 1,   48.639, USW00093242
USW00093243,  37.23810,  -120.88250,   34.40, 5,   95.228, 1,   19.440, USW00093243
USW00093245,  38.32080,  -123.07470,   69.57, 3,    5.447, 1,   22.111, USW00093245
USW00094236,  42.14690,  -121.72420, 1323.26, 3,  211.134, 2,  411.061, USW00094236
USW00094299,  41.49140,  -120.56440, 1421.27, 5,  296.546, 1,  195.327, USW00094299
